1440 1 1 -0.61946 2 1.0554 14.183 82.808 26.098 0.3888 0 0 1 -60 60 -60 60 0 0 1 0 0 0 206.8 432.8 171.9 0 8.5377e-07 0 0 0 1 0 1 0
1430 1 1 -1 2 0 13.7622 80.856 23.1218 0.40909 0 0 1 -60 60 -60 60 0 0 1 0 0 0 192.3 366.4 155.2 0 0 0 0 0 1 0 1 0
1427 1 1 -1 2 0 13.3415 78.904 20.1455 0.44512 0 0 1 -60 60 -60 60 0 0 1 0 0 0 187.5 346.4 151.2 0 8.5377e-07 0 0 0 1 0 1 0
1423 1 1 -1 3 -1 12.9207 76.952 17.1693 0.44165 0 0 1 -60 60 -60 60 0 0 1 0 0 0 181.2 319.6 145.9 0 0 0 0 0 1 0 1 0
1418 1 1 -0.90647 2.6855 -1.9486 12.5 75 14.193 0.35913 0 0 1 -60 60 -60 60 0 0 1 0 0 0 173.8 286.1 139.1 0 0 0 0 0 1 0 1 0
1415 1 1 -3 10 2 -31.522 68.164 -164.14 0.41637 0 0 1 -60 60 -60 60 0 0 1 0 0 0 497.5 570.2 194.4 0 0 0 0 0 1 0 1 0
1411 1 1 0.2519 3.1991 -0.59086 -31.072 68.164 -157.06 0.42956 0 0 1 -60 60 -60 60 0 0 1 0 0 0 511.2 548.5 183.1 0 8.5377e-07 0 0 0 1 0 1 0
1408 1 1 3.1935 -3.3436 -3.4152 -30.622 68.164 -149.98 0.44732 0 0 1 -60 60 -60 60 0 0 1 0 0 0 522.1 532.7 174.7 0 0 0 0 0 1 0 1 0
1402 1 1 6 -10 -6 -30.172 68.164 -142.9 0.41299 0 0 1 -60 60 -60 60 0 0 1 0 0 0 542.2 500 157.7 0 8.5377e-07 0 0 0 1 0 1 0
1399 1 1 -0.1677 1.7299 1.162 -38.19 51.849 -134.66 0.36221 0 0 1 -60 60 -60 60 0 0 1 0 0 0 437.7 577.2 197.1 0 0 0 0 0 1 0 1 0
1392 1 1 2.127 -3.164 -4.662 -40.4 49.88 27.9 0.41478 0 0 1 -60 60 -60 60 0 0 1 0 0 0 462.6 549.1 165.5 0 0 0 0 0 1 0 1 0
1388 1 1 1 3 1 -149.419 109.186 -134.286 0.42026 0 0 1 -60 60 -60 60 0 0 1 0 0 0 40.5 364.6 120.1 0 0 0 0 0 1 0 1 0
1383 1 1 -0.11092 0.70952 0.34285 -149.91 111.39 -138.24 0.40203 0 0 1 -60 60 -60 60 0 0 1 0 0 0 56.4 391.9 135 0 0 0 0 0 1 0 1 0
1380 1 1 0.7653 1.8434 1.1855 -149.91 107.64 -136.46 0.40632 0 0 1 -60 60 -60 60 0 0 1 0 0 0 66 408.4 143.9 0 8.5377e-07 0 0 0 1 0 1 0
1376 1 1 -1 0 0 -150.009 110.666 -141.367 0.46023 0 0 1 -60 60 -60 60 0 0 1 0 0 0 79.3 429.9 155.8 0 0 0 0 0 1 0 1 0
1369 1 1 -1 -2 0 -150.206 111.159 -143.728 0.46279 0 0 1 -60 60 -60 60 0 0 1 0 0 0 100.5 468.9 176.6 0 0 0 0 0 1 0 1 0
1365 1 1 -2.2765 -2.8574 -1.6344 -148.54 113.23 -148.31 0.38395 0 0 1 -60 60 -60 60 0 0 1 0 0 0 112.1 491.4 188.5 0 0 0 0 0 1 0 1 0
1362 1 1 -2.1068 -3.615 -0.1334 -152.07 111.39 -147.18 0.35037 0 0 1 -60 60 -60 60 0 0 1 0 0 0 121 508.2 197.4 0 0 0 0 0 1 0 1 0
1331 1 1 0.79437 0.77296 2.5819 -38.494 73.168 46.559 0.37492 0 0 1 -60 60 -60 60 0 0 1 0 0 0 521.4 574.5 175.4 0 8.5377e-07 0 0 0 1 0 1 0
1323 1 1 0 1 2 -38.9933 73.5016 41.723 0.47557 0 0 1 -60 60 -60 60 0 0 1 0 0 0 553.4 530.9 160.9 0 0 0 0 0 1 0 1 0
1319 1 1 -3.6728 6.1382 3.6256 -38.519 73.339 38.991 0.41287 0 0 1 -60 60 -60 60 0 0 1 0 0 0 569.6 509.3 153.7 0 0 0 0 0 1 0 1 0
1316 1 1 5.5937 -5.5843 -0.41876 -41.939 75.161 27.843 0.42706 0 0 1 -60 60 -60 60 0 0 1 0 0 0 581.3 492.7 148.3 0 0 0 0 0 1 0 1 0
1314 1 1 -3 -4 0 -151.174 107.512 -158.797 0.44905 0 0 1 -60 60 -60 60 0 0 1 0 0 0 104.2 346.7 149.2 0 0 0 0 0 1 0 1 0
1310 1 1 -2.9518 -4.2252 0.80903 -152.08 107.62 -144.17 0.43728 0 0 1 -60 60 -60 60 0 0 1 0 0 0 116.9 370.2 157.7 0 0 0 0 0 1 0 1 0
1305 1 1 -2.8698 -4.2154 -0.20439 -152.85 111.38 -166.64 0.39033 0 0 1 -60 60 -60 60 0 0 1 0 0 0 132.1 399.9 168.3 0 1.2074e-06 0 0 0 1 0 1 0
1301 1 1 -2 -4 1 -153.886 110.825 -148.874 0.41105 0 0 1 -60 60 -60 60 0 0 1 0 0 0 144.3 423.6 176.8 0 0 0 0 0 1 0 1 0
1293 1 1 -2 -3 1 -154.789 111.93 -145.566 0.32811 0 0 1 -60 60 -60 60 0 0 1 0 0 0 165.4 472.6 193.7 0 0 0 0 0 1 0 1 0
1290 1 1 0.24191 0.24138 3.1696 -156.21 111.38 -141.02 0.35445 0 0 1 -60 60 -60 60 0 0 1 0 0 0 173.4 490.9 200.1 0 0 0 0 0 1 0 1 0
1286 1 1 -3.3669 -5.7801 -0.42108 -156.21 115.13 -137.05 0.28255 0 0 1 -60 60 -60 60 0 0 1 0 0 0 184.2 515.3 208.6 0 0 0 0 0 1 0 1 0
1283 1 1 0.9148 2.1249 3.635 39.699 62.122 21.733 0.41146 0 0 1 -60 60 -60 60 0 0 1 0 0 0 27 370.5 140.3 0 0 0 0 0 1 0 1 0
1193 1 1 2.6341 -5.1011 -1.3782 -15.771 83.388 37.983 0.38809 0 0 1 -60 60 -60 60 0 0 1 0 0 0 253.2 513.6 95.7 0 1.2074e-06 0 0 0 1 0 1 0
1185 1 1 2 -5 -1 -17.032 88.0615 33.7905 0.37273 0 0 1 -60 60 -60 60 0 0 1 0 0 0 271.2 461.2 87.4 0 0 0 0 0 1 0 1 0
1180 1 1 1.3573 -5.1214 -0.67461 -18.293 92.735 29.598 0.32877 0 0 1 -60 60 -60 60 0 0 1 0 0 0 282.2 428.4 82.2 0 0 0 0 0 1 0 1 0
1169 1 1 -1.5851 1.5824 2.5776 -167.36 86.98 -146.82 0.46852 0 0 1 -60 60 -60 60 0 0 1 0 0 0 285.6 349.9 148.1 0 0 0 0 0 1 0 1 0
1163 1 1 -1 2 2 -168.23 88.6667 -149.777 0.43713 0 0 1 -60 60 -60 60 0 0 1 0 0 0 294.1 390.9 151.7 0 0 0 0 0 1 0 1 0
1160 1 1 -1 2 2 -168.927 89.5083 -149.935 0.45108 0 0 1 -60 60 -60 60 0 0 1 0 0 0 297.3 411.5 153.8 0 0 0 0 0 1 0 1 0
1153 1 1 0.27033 2.2506 1.1519 -169.97 92.04 -155.69 0.45758 0 0 1 -60 60 -60 60 0 0 1 0 0 0 305.4 459.6 158.7 0 0 0 0 0 1 0 1 0
1149 1 1 -1 3 1 -170.32 91.1917 -150.252 0.42425 0 0 1 -60 60 -60 60 0 0 1 0 0 0 310.2 487 161.5 0 0 0 0 0 1 0 1 0
1140 1 1 -1 3 0 -171.017 92.0333 -150.41 0.39636 0 0 1 -60 60 -60 60 0 0 1 0 0 0 319.4 549 167.9 0 8.5377e-07 0 0 0 1 0 1 0
1134 1 1 -1.1032 3.584 0.16427 -171.54 92.03 -147.77 0.38 0 0 1 -60 60 -60 60 0 0 1 0 0 0 325.5 590.4 172.1 0 8.5377e-07 0 0 0 1 0 1 0
1088 1 1 0 -1 0 164.81 110.92 117.32 0.47355 0 0 1 -60 60 -60 60 0 0 1 0 0 0 572.3 404.3 144.6 0 0 0 0 0 1 0 1 0
1080 1 1 -0.11141 -1.2913 0.6543 160.32 112.76 122.18 0.40227 0 0 1 -60 60 -60 60 0 0 1 0 0 0 555.2 453 166.2 0 1.2074e-06 0 0 0 1 0 1 0
1076 1 1 -0.04595 -1.9182 1.2646 155.83 114.6 127.04 0.43541 0 0 1 -60 60 -60 60 0 0 1 0 0 0 546.2 477.2 177.1 0 0 0 0 0 1 0 1 0
1073 1 1 0 -3 2 151.34 116.44 131.9 0.39952 0 0 1 -60 60 -60 60 0 0 1 0 0 0 539 495.2 185.2 0 0 0 0 0 1 0 1 0
1069 1 1 0 -3 2 146.85 118.28 136.76 0.39234 0 0 1 -60 60 -60 60 0 0 1 0 0 0 529.1 519 196 0 8.5377e-07 0 0 0 1 0 1 0
1065 1 1 -0.68687 1.8383 2.313 162.37 131.59 38.456 0.41586 0 0 1 -60 60 -60 60 0 0 1 0 0 0 465.1 475.6 156.1 0 8.5377e-07 0 0 0 1 0 1 0
1058 1 1 0.40017 0.41448 -1.5807 160.79 132.98 -77.854 0.38322 0 0 1 -60 60 -60 60 0 0 1 0 0 0 453.4 507.9 190.9 0 0 0 0 0 1 0 1 0
1053 1 1 0.88632 -1.0174 0.63434 137.85 109.46 -151.6 0.45631 0 0 1 -60 60 -60 60 0 0 1 0 0 0 556.4 509.3 135.9 0 0 0 0 0 1 0 1 0
1049 1 1 1 -1 1 138.255 109.885 -148.423 0.39729 0 0 1 -60 60 -60 60 0 0 1 0 0 0 538.7 528.9 145.3 0 0 0 0 0 1 0 1 0
1046 1 1 2 -2 0 138.66 110.31 -145.245 0.40406 0 0 1 -60 60 -60 60 0 0 1 0 0 0 525.4 543.5 152.3 0 8.5377e-07 0 0 0 1 0 1 0
1041 1 1 2 -2 0 139.065 110.735 -142.067 0.40362 0 0 1 -60 60 -60 60 0 0 1 0 0 0 502.6 567.4 163.9 0 0 0 0 0 1 0 1 0
1037 1 1 2.9012 -2.3673 0.14018 139.47 111.16 -138.89 0.30716 0 0 1 -60 60 -60 60 0 0 1 0 0 0 484.2 586.3 173.2 0 0 0 0 0 1 0 1 0
1033 1 1 -2.1191 -4.7638 -0.87017 -160.89 85.34 -45.36 0.40931 0 0 1 -60 60 -60 60 0 0 1 0 0 0 307.8 285.1 168.6 0 0 0 0 0 1 0 1 0
1030 1 1 0.41508 1.3724 -0.27955 -160.4 81.59 -35.924 0.43586 0 0 1 -60 60 -60 60 0 0 1 0 0 0 314.7 304.8 166.9 0 1.2074e-06 0 0 0 1 0 1 0
1026 1 1 3 8 0 -159.91 77.84 -26.488 0.40122 0 0 1 -60 60 -60 60 0 0 1 0 0 0 324.3 331 164.6 0 1.2074e-06 0 0 0 1 0 1 0
1021 1 1 0 -1 5 14.808 100.165 30.1115 0.40107 0 0 1 -60 60 -60 60 0 0 1 0 0 0 412.9 568.3 156.4 0 8.5377e-07 0 0 0 1 0 1 0
1012 1 1 0.26506 -1.7773 2.8806 14.843 98.29 29.466 0.47291 0 0 1 -60 60 -60 60 0 0 1 0 0 0 393.3 508.5 159.3 0 0 0 0 0 1 0 1 0
1009 1 1 -0.32264 -2.1956 2.6834 18.1 96.42 21.871 0.42435 0 0 1 -60 60 -60 60 0 0 1 0 0 0 386.8 488.5 160.3 0 8.5377e-07 0 0 0 1 0 1 0
999 1 1 0 -2 0 17.6747 94.5443 22.2183 0.41795 0 0 1 -60 60 -60 60 0 0 1 0 0 0 365 422.1 163.6 0 0 0 0 0 1 0 1 0
994 1 1 0.21322 -2.791 -1.7009 18.17 92.67 20.58 0.45012 0 0 1 -60 60 -60 60 0 0 1 0 0 0 354.1 388.9 165.2 0 1.2074e-06 0 0 0 1 0 1 0
890 1 1 1.3715 -5.7811 0.95656 1.99 80.67 -145.87 0.39375 0 0 1 -60 60 -60 60 0 0 1 0 0 0 238.2 548.2 155.3 0 8.5377e-07 0 0 0 1 0 1 0
886 1 1 1.3789 0.74681 0.32757 1.99 84.42 -146.99 0.47674 0 0 1 -60 60 -60 60 0 0 1 0 0 0 237.2 520.4 152.6 0 8.5377e-07 0 0 0 1 0 1 0
883 1 1 0 -3 0 3.04889 82.1074 -150.695 0.45657 0 0 1 -60 60 -60 60 0 0 1 0 0 0 236.5 499.5 150.6 0 8.5377e-07 0 0 0 1 0 1 0
877 1 1 0 -3 0 3.61381 82.0551 -154.005 0.42965 0 0 1 -60 60 -60 60 0 0 1 0 0 0 236 457.7 146.5 0 8.5377e-07 0 0 0 1 0 1 0
872 1 1 -1.2644 -7.1442 -0.27212 5.8 80.67 -149.93 0.37255 0 0 1 -60 60 -60 60 0 0 1 0 0 0 234 422.9 143.1 0 0 0 0 0 1 0 1 0
868 1 1 -0.62467 -0.81115 0.74572 3.5454 82.565 -166.61 0.40798 0 0 1 -60 60 -60 60 0 0 1 0 0 0 231 395.2 140.4 0 0 0 0 0 1 0 1 0
864 1 1 -2 -3 0 5.30854 81.8985 -163.933 0.47096 0 0 1 -60 60 -60 60 0 0 1 0 0 0 227.7 367.6 137.7 0 0 0 0 0 1 0 1 0
860 1 1 -2 -3 0 5.87345 81.8463 -167.242 0.44498 0 0 1 -60 60 -60 60 0 0 1 0 0 0 224.8 339.8 134.9 0 8.5377e-07 0 0 0 1 0 1 0
856 1 1 -1.2262 0.10283 1.7958 -7.13 89.28 133.69 0.38794 0 0 1 -60 60 -60 60 0 0 1 0 0 0 265.5 515.3 115.3 0 0 0 0 0 1 0 1 0
853 1 1 -0.21937 -1.1969 2.5793 -7.13 89.28 118.69 0.39438 0 0 1 -60 60 -60 60 0 0 1 0 0 0 268.1 494.7 112.3 0 0 0 0 0 1 0 1 0
849 1 1 0 -1 2 -7.68089 87.458 119.271 0.40317 0 0 1 -60 60 -60 60 0 0 1 0 0 0 271.7 467.2 108.3 0 0 0 0 0 1 0 1 0
845 1 1 1 -2 2 -8.14556 86.4085 114.679 0.43715 0 0 1 -60 60 -60 60 0 0 1 0 0 0 275.7 439.8 104.3 0 0 0 0 0 1 0 1 0
839 1 1 1.5909 -2.368 2.579 -7.0629 83.653 104.62 0.42373 0 0 1 -60 60 -60 60 0 0 1 0 0 0 282.9 398.9 98.3 0 0 0 0 0 1 0 1 0
835 1 1 1.1125 -2.6284 1.8496 -10.33 85.52 110.9 0.40765 0 0 1 -60 60 -60 60 0 0 1 0 0 0 287.8 371.6 94.3 0 0 0 0 0 1 0 1 0
830 1 1 1.882 -2.9761 -1.7853 -5.5872 49.533 -136.86 0.40937 0 0 1 -60 60 -60 60 0 0 1 0 0 0 461.1 489.2 202.3 0 0 0 0 0 1 0 1 0
825 1 1 1.7402 -4.2542 -4.3202 -7.7 47.59 37.7 0.43677 0 0 1 -60 60 -60 60 0 0 1 0 0 0 465.4 463.7 178.7 0 0 0 0 0 1 0 1 0
818 1 1 -0.69831 -1.9973 2.2408 166.37 76.64 -131.73 0.44037 0 0 1 -60 60 -60 60 0 0 1 0 0 0 430.6 419.2 101.7 0 0 0 0 0 1 0 1 0
813 1 1 0 -4 3 165.527 77.89 -139.1 0.34967 0 0 1 -60 60 -60 60 0 0 1 0 0 0 422 452.7 95.8 0 0 0 0 0 1 0 1 0
810 1 1 1 -5 3 164.683 79.14 -146.47 0.34376 0 0 1 -60 60 -60 60 0 0 1 0 0 0 416.3 472.5 92.3 0 0 0 0 0 1 0 1 0
805 1 1 2.1856 -7.2051 3.5796 163.84 80.39 -153.84 0.43623 0 0 1 -60 60 -60 60 0 0 1 0 0 0 406.7 505.7 86.5 0 0 0 0 0 1 0 1 0
799 1 1 -1 -4 -3 167.379 93.0527 39.6949 0.36874 0 0 1 -60 60 -60 60 0 0 1 0 0 0 399.7 316.2 97.1 0 8.5377e-07 0 0 0 1 0 1 0
795 1 1 -0.59075 -3.7454 -2.5816 166.67 92.229 43.793 0.44118 0 0 1 -60 60 -60 60 0 0 1 0 0 0 391.7 343 95.4 0 8.5377e-07 0 0 0 1 0 1 0
792 1 1 -0.58826 -2.8689 -2.5777 166.68 92.227 32.545 0.43804 0 0 1 -60 60 -60 60 0 0 1 0 0 0 385.7 363.1 94.2 0 0 0 0 0 1 0 1 0
788 1 1 0 -3 -2 165.957 90.7432 36.9039 0.3856 0 0 1 -60 60 -60 60 0 0 1 0 0 0 378 390 92.5 0 1.2074e-06 0 0 0 1 0 1 0
783 1 1 0 -2 -1 165.483 89.9733 35.9736 0.44473 0 0 1 -60 60 -60 60 0 0 1 0 0 0 369.1 423.8 90.4 0 0 0 0 0 1 0 1 0
779 1 1 -0.24716 -1.8651 -0.31712 165.19 86.617 31.058 0.39609 0 0 1 -60 60 -60 60 0 0 1 0 0 0 361.9 450.8 88.8 0 0 0 0 0 1 0 1 0
773 1 1 0.71465 -1.252 -1.0386 164.34 90.36 38.359 0.39396 0 0 1 -60 60 -60 60 0 0 1 0 0 0 351.1 491.3 86.3 0 8.5377e-07 0 0 0 1 0 1 0
769 1 1 1 -1 0 164.061 87.6638 33.1826 0.40191 0 0 1 -60 60 -60 60 0 0 1 0 0 0 343.5 518.2 84.6 0 0 0 0 0 1 0 1 0
723 1 1 -0.17224 -0.89268 -0.12203 22.437 107.4 24.119 0.36944 0 0 1 -60 60 -60 60 0 0 1 0 0 0 420.9 568.2 179.9 0 0 0 0 0 1 0 1 0
719 1 1 0 -1 -1 23.2247 104.283 20.4687 0.40054 0 0 1 -60 60 -60 60 0 0 1 0 0 0 408.8 543.1 182 0 0 0 0 0 1 0 1 0
713 1 1 0 -1 -1 24.0123 101.167 16.8183 0.44342 0 0 1 -60 60 -60 60 0 0 1 0 0 0 390.3 505.5 185.2 0 0 0 0 0 1 0 1 0
707 1 1 0.29092 -0.84306 -1.3213 24.8 98.05 13.168 0.41092 0 0 1 -60 60 -60 60 0 0 1 0 0 0 372.6 467.5 188.3 0 0 0 0 0 1 0 1 0
702 1 1 -3 0 0 -160.469 93.8116 -143.72 0.45184 0 0 1 -60 60 -60 60 0 0 1 0 0 0 257.5 290.4 171.2 0 0 0 0 0 1 0 1 0
697 1 1 -3.0461 -1.1442 -0.15365 -162.66 92.843 -138.59 0.48228 0 0 1 -60 60 -60 60 0 0 1 0 0 0 267.9 323.8 172.9 0 0 0 0 0 1 0 1 0
690 1 1 -2 1 0 -161.773 93.1232 -142.42 0.37137 0 0 1 -60 60 -60 60 0 0 1 0 0 0 282.5 370.5 175.4 0 0 0 0 0 1 0 1 0
686 1 1 -1 1 0 -162.425 92.779 -141.77 0.4004 0 0 1 -60 60 -60 60 0 0 1 0 0 0 291.5 396.9 177.9 0 0 0 0 0 1 0 1 0
679 1 1 -1.225 0.19491 -1.2051 -160.42 92.148 -149.26 0.46534 0 0 1 -60 60 -60 60 0 0 1 0 0 0 307.1 443.1 182.6 0 8.5377e-07 0 0 0 1 0 1 0
674 1 1 1.2807 5.3701 0.05727 -163.68 93.93 -140.07 0.39683 0 0 1 -60 60 -60 60 0 0 1 0 0 0 316.8 476.6 185 0 0 0 0 0 1 0 1 0
670 1 1 0 1 -1 -164.38 91.7465 -139.82 0.4385 0 0 1 -60 60 -60 60 0 0 1 0 0 0 325 503.3 186.9 0 1.4788e-06 0 0 0 1 0 1 0
664 1 1 1 1 -1 -165.032 91.4023 -139.17 0.3756 0 0 1 -60 60 -60 60 0 0 1 0 0 0 336.7 543.6 189.8 0 8.5377e-07 0 0 0 1 0 1 0
658 1 1 0.13647 -0.97471 -1.2753 -166.85 90.13 -135.26 0.39317 0 0 1 -60 60 -60 60 0 0 1 0 0 0 346.3 584.4 192.6 0 0 0 0 0 1 0 1 0
653 1 1 -2 0 0 -175.097 100.114 33.5476 0.45634 0 0 1 -60 60 -60 60 0 0 1 0 0 0 262.9 277.4 118.3 0 0 0 0 0 1 0 1 0
650 1 1 -1.393 0.32719 0.69797 -174.95 101.32 27.45 0.48785 0 0 1 -60 60 -60 60 0 0 1 0 0 0 264.6 298 122.4 0 0 0 0 0 1 0 1 0
646 1 1 -1.7052 0.37829 -1.3253 -173.84 101.33 40.09 0.47054 0 0 1 -60 60 -60 60 0 0 1 0 0 0 267.5 325.3 127.9 0 0 0 0 0 1 0 1 0
639 1 1 -1 1 -1 -173.889 102.753 33.3184 0.41306 0 0 1 -60 60 -60 60 0 0 1 0 0 0 272 373.1 137.5 0 8.5377e-07 0 0 0 1 0 1 0
636 1 1 -1 1 -1 -173.486 103.632 33.2421 0.45575 0 0 1 -60 60 -60 60 0 0 1 0 0 0 273.8 393.6 141.7 0 0 0 0 0 1 0 1 0
631 1 1 -1.0039 0.9118 -1.657 -173.61 105.05 36.491 0.47634 0 0 1 -60 60 -60 60 0 0 1 0 0 0 277.5 427.7 148.5 0 0 0 0 0 1 0 1 0
626 1 1 -0.39104 1.27 -2.1448 -172.35 105.07 29.09 0.45964 0 0 1 -60 60 -60 60 0 0 1 0 0 0 282 461.8 155.4 0 0 0 0 0 1 0 1 0
621 1 1 0 1 -3 -172.278 106.271 33.0129 0.41341 0 0 1 -60 60 -60 60 0 0 1 0 0 0 286.4 495.8 162.3 0 0 0 0 0 1 0 1 0
617 1 1 -1 -4 -1 -164.488 95.9575 31.8106 0.42378 0 0 1 -60 60 -60 60 0 0 1 0 0 0 229.8 284.5 179.9 0 0 0 0 0 1 0 1 0
609 1 1 -1.6005 -4.2631 -1.1438 -163.69 97.293 32.454 0.44499 0 0 1 -60 60 -60 60 0 0 1 0 0 0 245.4 337.8 187 0 8.5377e-07 0 0 0 1 0 1 0
605 1 1 -1 -3 -1 -162.983 98.5736 33.6596 0.3701 0 0 1 -60 60 -60 60 0 0 1 0 0 0 253.7 364.4 189.4 0 0 0 0 0 1 0 1 0
601 1 1 -1 -2 -1 -162.231 99.8816 34.5841 0.40027 0 0 1 -60 60 -60 60 0 0 1 0 0 0 262.4 391 190.6 0 0 0 0 0 1 0 1 0
595 1 1 -0.25825 2.12 0.77317 -161.66 101.08 36.633 0.36699 0 0 1 -60 60 -60 60 0 0 1 0 0 0 275.5 430.6 195.5 0 0 0 0 0 1 0 1 0
590 1 1 -2.1905 -4.1215 -1.3175 -160.59 102.58 35.59 0.40306 0 0 1 -60 60 -60 60 0 0 1 0 0 0 286.7 463.1 201.6 0 0 0 0 0 1 0 1 0
584 1 1 -1 -1 0 -159.974 103.806 37.3577 0.39291 0 0 1 -60 60 -60 60 0 0 1 0 0 0 301.2 502.2 206 0 0 0 0 0 1 0 1 0
511 1 1 -0.91946 4.9246 3.5791 -4.5853 80.545 -148.24 0.45367 0 0 1 -60 60 -60 60 0 0 1 0 0 0 262.7 502.7 137.7 0 1.2074e-06 0 0 0 1 0 1 0
508 1 1 -1 3 3 -3.81435 79.3959 -149.876 0.44625 0 0 1 -60 60 -60 60 0 0 1 0 0 0 263.1 482.2 133.6 0 8.5377e-07 0 0 0 1 0 1 0
505 1 1 0 3 2 -3.33308 78.7428 -150.63 0.3805 0 0 1 -60 60 -60 60 0 0 1 0 0 0 263.6 461.6 129.5 0 0 0 0 0 1 0 1 0
501 1 1 0 2 2 -2.85181 78.0897 -151.383 0.35839 0 0 1 -60 60 -60 60 0 0 1 0 0 0 264.1 434.1 123.9 0 0 0 0 0 1 0 1 0
496 1 1 0.26022 -2.6665 0.96734 -0.92213 74.957 -156.55 0.4443 0 0 1 -60 60 -60 60 0 0 1 0 0 0 264.6 399.8 117.1 0 0 0 0 0 1 0 1 0
491 1 1 0.15865 4.2978 1.3828 -3.048 78.767 -149.36 0.44858 0 0 1 -60 60 -60 60 0 0 1 0 0 0 266 365.5 110.2 0 8.5377e-07 0 0 0 1 0 1 0
484 1 1 1 0 0 -1.408 76.1302 -153.644 0.43554 0 0 1 -60 60 -60 60 0 0 1 0 0 0 268.7 317.6 100.5 0 0 0 0 0 1 0 1 0
449 1 1 1 -2 2 3.37723 84.4621 5.29317 0.41135 0 0 1 -60 60 -60 60 0 0 1 0 0 0 323.7 548.2 142.2 0 0 0 0 0 1 0 1 0
445 1 1 1.1345 -2.7053 0.76591 3.06 84.53 8.19 0.39 0 0 1 -60 60 -60 60 0 0 1 0 0 0 322.2 520.3 139.6 0 0 0 0 0 1 0 1 0
442 1 1 1 -3 1 2.98404 85.6138 9.7604 0.44055 0 0 1 -60 60 -60 60 0 0 1 0 0 0 321.1 499.4 137.6 0 0 0 0 0 1 0 1 0
438 1 1 1 -3 0 2.78744 86.1897 11.994 0.4727 0 0 1 -60 60 -60 60 0 0 1 0 0 0 319.5 471.6 134.9 0 0 0 0 0 1 0 1 0
433 1 1 0 -3 0 2.59085 86.7656 14.2276 0.45656 0 0 1 -60 60 -60 60 0 0 1 0 0 0 317.6 436.8 131.6 0 8.5377e-07 0 0 0 1 0 1 0
428 1 1 -0.34506 -3.3707 0.78781 2.5285 88.283 13.885 0.40294 0 0 1 -60 60 -60 60 0 0 1 0 0 0 315.7 402 128.2 0 0 0 0 0 1 0 1 0
424 1 1 0.17837 -3.2855 -0.64917 2.4185 88.283 20.238 0.42072 0 0 1 -60 60 -60 60 0 0 1 0 0 0 314.5 374.2 125.6 0 0 0 0 0 1 0 1 0
421 1 1 0 -4 -1 2.00106 88.4933 20.9285 0.51236 0 0 1 -60 60 -60 60 0 0 1 0 0 0 313.6 353.3 123.6 0 0 0 0 0 1 0 1 0
411 1 1 0.34399 -4.1776 -2.5775 1.57 88.27 23.532 0.48987 0 0 1 -60 60 -60 60 0 0 1 0 0 0 311.5 283.7 116.9 0 0 0 0 0 1 0 1 0
342 1 1 1.7854 1.8489 0.84505 -1.4577 84.749 -151.22 0.41367 0 0 1 -60 60 -60 60 0 0 1 0 0 0 322.2 542 114.8 0 0 0 0 0 1 0 1 0
333 1 1 1 2 0 -1.37364 86.2629 -148.016 0.42808 0 0 1 -60 60 -60 60 0 0 1 0 0 0 327.7 479.2 114.1 0 1.2074e-06 0 0 0 1 0 1 0
327 1 1 1 2 0 -1.52388 86.7515 -147.914 0.48481 0 0 1 -60 60 -60 60 0 0 1 0 0 0 330.3 437.3 113.6 0 0 0 0 0 1 0 1 0
323 1 1 0.71422 2.1323 -1.3686 -1.2505 89.339 -141.25 0.47529 0 0 1 -60 60 -60 60 0 0 1 0 0 0 331.5 409.3 113.3 0 0 0 0 0 1 0 1 0
318 1 1 1 3 0 -1.82435 87.7288 -147.712 0.46268 0 0 1 -60 60 -60 60 0 0 1 0 0 0 332.5 374.4 112.9 0 0 0 0 0 1 0 1 0
312 1 1 1 3 1 -1.97459 88.2174 -147.612 0.50314 0 0 1 -60 60 -60 60 0 0 1 0 0 0 334.8 332.4 112.4 0 0 0 0 0 1 0 1 0
308 1 1 1.2867 7.3305 0.5827 -2.1792 87.487 -152.04 0.44432 0 0 1 -60 60 -60 60 0 0 1 0 0 0 337.3 304.5 112.1 0 8.5377e-07 0 0 0 1 0 1 0
303 1 1 0.92966 -0.22014 1.777 -2.41 89.34 -146.34 0.51185 0 0 1 -60 60 -60 60 0 0 1 0 0 0 340.1 269.7 111.7 0 0 0 0 0 1 0 1 0
299 1 1 1 3 1 -2.4253 89.6833 -147.308 0.48445 0 0 1 -60 60 -60 60 0 0 1 0 0 0 341.3 241.7 111.4 0 0 0 0 0 1 0 1 0
293 1 1 1 2 -1 -19.2491 93.9925 51.6988 0.40245 0 0 1 -60 60 -60 60 0 0 1 0 0 0 379.2 513.7 77.2 0 0 0 0 0 1 0 1 0
287 1 1 0.31782 1.9346 0.39187 -18.783 97.178 44.237 0.42035 0 0 1 -60 60 -60 60 0 0 1 0 0 0 393 474.2 81.1 0 0 0 0 0 1 0 1 0
284 1 1 2.629 -5.2631 -1.3883 -18.625 95.285 52.421 0.36627 0 0 1 -60 60 -60 60 0 0 1 0 0 0 400.4 454.7 83 0 0 0 0 0 1 0 1 0
280 1 1 2 -4 0 -18.1281 98.9783 43.3946 0.38709 0 0 1 -60 60 -60 60 0 0 1 0 0 0 409.2 428.2 85.6 0 0 0 0 0 1 0 1 0
274 1 1 3 -6 1 -17.7545 100.64 40.6266 0.37296 0 0 1 -60 60 -60 60 0 0 1 0 0 0 422.4 388.6 89.5 0 0 0 0 0 1 0 1 0
268 1 1 2.8114 -7.0152 1.7419 -17.35 102.81 36.294 0.407 0 0 1 -60 60 -60 60 0 0 1 0 0 0 435 348.7 93.4 0 1.2074e-06 0 0 0 1 0 1 0
212 1 1 -0.41603 5.5888 -2.5786 -18.256 88.146 -161.77 0.31291 0 0 1 -60 60 -60 60 0 0 1 0 0 0 327.3 500.4 73.2 0 0 0 0 0 1 0 1 0
207 1 1 -0.19551 3.6953 -0.79498 -20.21 88.19 104.09 0.27244 0 0 1 -60 60 -60 60 0 0 1 0 0 0 338.8 467.3 74.4 0 0 0 0 0 1 0 1 0
200 1 1 3.5959 -1.4055 0.58817 -12.791 92.352 31.877 0.33116 0 0 1 -60 60 -60 60 0 0 1 0 0 0 301.4 475.9 84 0 0 0 0 0 1 0 1 0
197 1 1 2 -2 1 -13.9817 92.811 35.1037 0.40163 0 0 1 -60 60 -60 60 0 0 1 0 0 0 310.3 456.9 84 0 0 0 0 0 1 0 1 0
188 1 1 1 -2 1 -15.1723 93.27 38.3303 0.4129 0 0 1 -60 60 -60 60 0 0 1 0 0 0 325.7 395.9 84 0 0 0 0 0 1 0 1 0
183 1 1 -0.25878 -1.9919 0.79471 -16.363 93.729 41.557 0.33831 0 0 1 -60 60 -60 60 0 0 1 0 0 0 335.5 362.3 84 0 8.5377e-07 0 0 0 1 0 1 0
182 1 1 1.2114 1.8474 -0.21169 -11.03 99.24 122.81 0.43947 0 0 1 -60 60 -60 60 0 0 1 0 0 0 389.4 535.3 105.3 0 0 0 0 0 1 0 1 0
177 1 1 1 2 0 -9.50231 99.2377 125.613 0.34033 0 0 1 -60 60 -60 60 0 0 1 0 0 0 396.1 501.1 108.7 0 0 0 0 0 1 0 1 0
173 1 1 1 1 -1 -8.27808 99.2369 129.421 0.41815 0 0 1 -60 60 -60 60 0 0 1 0 0 0 401.7 473.8 111.4 0 8.5377e-07 0 0 0 1 0 1 0
167 1 1 0.78286 1.2701 -0.39104 -5.84 99.23 129.21 0.40844 0 0 1 -60 60 -60 60 0 0 1 0 0 0 406.2 432.3 115.4 0 8.5377e-07 0 0 0 1 0 1 0
163 1 1 1.7823 0.88842 -1.2837 -6.74 99.24 140.05 0.43358 0 0 1 -60 60 -60 60 0 0 1 0 0 0 409.4 404.6 118.1 0 0 0 0 0 1 0 1 0
160 1 1 -1.1146 2.9003 -2.3805 175.12 84.406 38.999 0.4709 0 0 1 -60 60 -60 60 0 0 1 0 0 0 431.3 423.4 128.7 0 0 0 0 0 1 0 1 0
151 1 1 -0.28121 -2.7144 3.5801 172.95 78.77 -144.65 0.49147 0 0 1 -60 60 -60 60 0 0 1 0 0 0 423 483.7 112.4 0 0 0 0 0 1 0 1 0
101 1 1 1.3494 -1.0422 0.64565 -0.7 98.12 19.404 0.48558 0 0 1 -60 60 -60 60 0 0 1 0 0 0 394.4 497.2 129.2 0 0 0 0 0 1 0 1 0
97 1 1 1 0 0 -0.98 97.1825 24.6955 0.45233 0 0 1 -60 60 -60 60 0 0 1 0 0 0 394.8 469.3 131.3 0 8.5377e-07 0 0 0 1 0 1 0
93 1 1 0 2 -1 -1.26 96.245 29.987 0.41912 0 0 1 -60 60 -60 60 0 0 1 0 0 0 395.7 441.4 133.5 0 0 0 0 0 1 0 1 0
89 1 1 0 4 -1 -1.54 95.3075 35.2785 0.48079 0 0 1 -60 60 -60 60 0 0 1 0 0 0 397.2 413.5 135.6 0 1.2074e-06 0 0 0 1 0 1 0
84 1 1 -0.7654 5.0795 -2.1281 -1.82 94.37 40.57 0.42954 0 0 1 -60 60 -60 60 0 0 1 0 0 0 398.7 378.7 138.3 0 0 0 0 0 1 0 1 0
