1452 1 1 3.5902 -5.5826 -3.4223 -20.06 50.14 -136.19 0.39955 0 0 1 -60 60 -60 60 0 0 1 0 0 0 426.8 509 198.1 0 8.5377e-07 0 0 0 1 0 1 0
1447 1 1 -2.1161 4.7886 5.3845 -21.089 52.199 31.753 0.39193 0 0 1 -60 60 -60 60 0 0 1 0 0 0 437.5 484.3 175.7 0 0 0 0 0 1 0 1 0
1442 1 1 0.69067 -6.3488 -3.7491 -17.916 48.39 16.02 0.3951 0 0 1 -60 60 -60 60 0 0 1 0 0 0 448 459.6 153.3 0 0 0 0 0 1 0 1 0
1440 1 1 -0.61946 2 1.0554 14.183 82.808 26.098 0.3888 0 0 1 -60 60 -60 60 0 0 1 0 0 0 206.8 432.8 171.9 0 8.5377e-07 0 0 0 1 0 1 0
1430 1 1 -1.9391 -2.9923 -1.2875 10.085 73.604 -128.77 0.40909 0 0 1 -60 60 -60 60 0 0 1 0 0 0 192.3 366.4 155.2 0 0+1.2074e-06i 0 0 0 1 0 1 0
1427 1 1 -2.7697 -3.734 -1.3982 10.142 77.344 -143.14 0.44512 0 0 1 -60 60 -60 60 0 0 1 0 0 0 187.5 346.4 151.2 0 8.5377e-07 0 0 0 1 0 1 0
1423 1 1 -0.90638 -0.23314 -1.6202 12.55 82.52 115.77 0.44165 0 0 1 -60 60 -60 60 0 0 1 0 0 0 181.2 319.6 145.9 0 0+1.2074e-06i 0 0 0 1 0 1 0
1418 1 1 -0.90647 2.6855 -1.9486 12.5 75 14.193 0.35913 0 0 1 -60 60 -60 60 0 0 1 0 0 0 173.8 286.1 139.1 0 0 0 0 0 1 0 1 0
1415 1 1 2.6045 -2.3967 -3.5782 -34.62 72.023 21.971 0.41637 0 0 1 -60 60 -60 60 0 0 1 0 0 0 497.5 570.2 194.4 0 0 0 0 0 1 0 1 0
1411 1 1 0.2519 3.1991 -0.59086 -31.072 68.164 -157.06 0.42956 0 0 1 -60 60 -60 60 0 0 1 0 0 0 511.2 548.5 183.1 0 8.5377e-07 0 0 0 1 0 1 0
1408 1 1 3.1935 -3.3436 -3.4152 -30.622 68.164 -149.98 0.44732 0 0 1 -60 60 -60 60 0 0 1 0 0 0 522.1 532.7 174.7 0 0 0 0 0 1 0 1 0
1402 1 1 2.7548 -2.3032 -1.9511 -27.631 71.88 59.191 0.41299 0 0 1 -60 60 -60 60 0 0 1 0 0 0 542.2 500 157.7 0 8.5377e-07 0 0 0 1 0 1 0
1399 1 1 -0.1677 1.7299 1.162 -38.19 51.849 -134.66 0.36221 0 0 1 -60 60 -60 60 0 0 1 0 0 0 437.7 577.2 197.1 0 0 0 0 0 1 0 1 0
1392 1 1 2.127 -3.164 -4.662 -40.4 49.88 27.9 0.41478 0 0 1 -60 60 -60 60 0 0 1 0 0 0 462.6 549.1 165.5 0 0+1.2074e-06i 0 0 0 1 0 1 0
1388 1 1 -2.7312 -4.0421 1.2425 -146.59 109.67 30.865 0.42026 0 0 1 -60 60 -60 60 0 0 1 0 0 0 40.5 364.6 120.1 0 0 0 0 0 1 0 1 0
1383 1 1 -0.11092 0.70952 0.34285 -149.91 111.39 -138.24 0.40203 0 0 1 -60 60 -60 60 0 0 1 0 0 0 56.4 391.9 135 0 0+1.2074e-06i 0 0 0 1 0 1 0
1380 1 1 0.7653 1.8434 1.1855 -149.91 107.64 -136.46 0.40632 0 0 1 -60 60 -60 60 0 0 1 0 0 0 66 408.4 143.9 0 8.5377e-07 0 0 0 1 0 1 0
1376 1 1 -0.90204 0.38221 -2.7037 -153.97 114.78 129.3 0.46023 0 0 1 -60 60 -60 60 0 0 1 0 0 0 79.3 429.9 155.8 0 0 0 0 0 1 0 1 0
1369 1 1 -1.716 -2.2845 -3.5806 -153.67 111.11 35.769 0.46279 0 0 1 -60 60 -60 60 0 0 1 0 0 0 100.5 468.9 176.6 0 0 0 0 0 1 0 1 0
1365 1 1 -2.2765 -2.8574 -1.6344 -148.54 113.23 -148.31 0.38395 0 0 1 -60 60 -60 60 0 0 1 0 0 0 112.1 491.4 188.5 0 0 0 0 0 1 0 1 0
1362 1 1 -2.1068 -3.615 -0.1334 -152.07 111.39 -147.18 0.35037 0 0 1 -60 60 -60 60 0 0 1 0 0 0 121 508.2 197.4 0 0+1.2074e-06i 0 0 0 1 0 1 0
1357 1 1 -0.163 5.2808 0.7958 -176.3 103.39 -70.184 0.43999 0 0 1 -60 60 -60 60 0 0 1 0 0 0 149.4 428.5 116.2 0 0+1.2074e-06i 0 0 0 1 0 1 0
1350 1 1 -1.1274 -4.8998 -1.3966 -176.72 103.33 -142.01 0.3889 0 0 1 -60 60 -60 60 0 0 1 0 0 0 152.4 475.3 130.7 0 8.5377e-07 0 0 0 1 0 1 0
1347 1 1 -1.0446 0.13021 -1.2168 -178 107.1 73.038 0.4141 0 0 1 -60 60 -60 60 0 0 1 0 0 0 153.2 495.3 136.8 0 0+1.2074e-06i 0 0 0 1 0 1 0
1342 1 1 -0.78938 -1.7453 -0.71423 -178.48 111.31 104.82 0.45061 0 0 1 -60 60 -60 60 0 0 1 0 0 0 154.4 528.7 147.2 0 8.5377e-07 0 0 0 1 0 1 0
1339 1 1 -0.91696 -1.8976 -1.3436 179.2 105.87 -65.4 0.37547 0 0 1 -60 60 -60 60 0 0 1 0 0 0 154.3 548.6 154 0 0 0 0 0 1 0 1 0
1335 1 1 -0.86276 -2.9229 -1.3437 175.79 107.72 -138.96 0.34002 0 0 1 -60 60 -60 60 0 0 1 0 0 0 153.9 574.9 163.4 0 8.5377e-07 0 0 0 1 0 1 0
1331 1 1 0.79437 0.77296 2.5819 -38.494 73.168 46.559 0.37492 0 0 1 -60 60 -60 60 0 0 1 0 0 0 521.4 574.5 175.4 0 8.5377e-07 0 0 0 1 0 1 0
1323 1 1 -1.9616 4.2984 4.353 -34.992 73.192 -165.45 0.47557 0 0 1 -60 60 -60 60 0 0 1 0 0 0 553.4 530.9 160.9 0 0 0 0 0 1 0 1 0
1319 1 1 -3.6728 6.1382 3.6256 -38.519 73.339 38.991 0.41287 0 0 1 -60 60 -60 60 0 0 1 0 0 0 569.6 509.3 153.7 0 0 0 0 0 1 0 1 0
1316 1 1 5.5937 -5.5843 -0.41876 -41.939 75.161 27.843 0.42706 0 0 1 -60 60 -60 60 0 0 1 0 0 0 581.3 492.7 148.3 0 0+1.2074e-06i 0 0 0 1 0 1 0
1314 1 1 1.1715 1.9341 2.5927 -151.71 115.03 36.349 0.44905 0 0 1 -60 60 -60 60 0 0 1 0 0 0 104.2 346.7 149.2 0 0 0 0 0 1 0 1 0
1310 1 1 -2.9518 -4.2252 0.80903 -152.08 107.62 -144.17 0.43728 0 0 1 -60 60 -60 60 0 0 1 0 0 0 116.9 370.2 157.7 0 0+1.2074e-06i 0 0 0 1 0 1 0
1305 1 1 -2.8698 -4.2154 -0.20439 -152.85 111.38 -166.64 0.39033 0 0 1 -60 60 -60 60 0 0 1 0 0 0 132.1 399.9 168.3 0 1.2074e-06 0 0 0 1 0 1 0
1301 1 1 0.27628 2.0747 2.6389 -154.65 107.64 38.4 0.41105 0 0 1 -60 60 -60 60 0 0 1 0 0 0 144.3 423.6 176.8 0 0+1.2074e-06i 0 0 0 1 0 1 0
1293 1 1 -3.2365 -6.59 -0.42139 -156.6 111.38 -46.902 0.32811 0 0 1 -60 60 -60 60 0 0 1 0 0 0 165.4 472.6 193.7 0 0 0 0 0 1 0 1 0
1290 1 1 0.24191 0.24138 3.1696 -156.21 111.38 -141.02 0.35445 0 0 1 -60 60 -60 60 0 0 1 0 0 0 173.4 490.9 200.1 0 0 0 0 0 1 0 1 0
1286 1 1 -3.3669 -5.7801 -0.42108 -156.21 115.13 -137.05 0.28255 0 0 1 -60 60 -60 60 0 0 1 0 0 0 184.2 515.3 208.6 0 0+1.2074e-06i 0 0 0 1 0 1 0
1283 1 1 0.9148 2.1249 3.635 39.699 62.122 21.733 0.41146 0 0 1 -60 60 -60 60 0 0 1 0 0 0 27 370.5 140.3 0 0 0 0 0 1 0 1 0
1279 1 1 -0.25514 -0.72442 -0.29942 -154.91 93.75 45.414 0.41192 0 0 1 -60 60 -60 60 0 0 1 0 0 0 236.8 300.2 207 0 8.5377e-07 0 0 0 1 0 1 0
1276 1 1 1.0036 1.7675 1.3901 -153.19 86.25 -42.453 0.38537 0 0 1 -60 60 -60 60 0 0 1 0 0 0 245.9 319.2 207 0 1.2074e-06 0 0 0 1 0 1 0
1269 1 1 -1.3684 -0.10768 2.5794 -156.79 90 -139.46 0.45179 0 0 1 -60 60 -60 60 0 0 1 0 0 0 267.9 362.9 207 0 8.5377e-07 0 0 0 1 0 1 0
1265 1 1 -0.79521 0.059208 2.1359 -157.37 92.296 29.277 0.44083 0 0 1 -60 60 -60 60 0 0 1 0 0 0 278.8 388.7 207 0 0 0 0 0 1 0 1 0
1256 1 1 -1.0461 -1.0158 2.5827 -156.38 90 -133.62 0.40332 0 0 1 -60 60 -60 60 0 0 1 0 0 0 303.6 446.7 207 0 0 0 0 0 1 0 1 0
1250 1 1 0.073097 -0.24932 2.4083 -156.45 82.5 118.19 0.29934 0 0 1 -60 60 -60 60 0 0 1 0 0 0 320.4 485.2 207 0 0 0 0 0 1 0 1 0
1246 1 1 -2.6034 -6.0246 2.0414 -157.57 90 20.07 0.31799 0 0 1 -60 60 -60 60 0 0 1 0 0 0 331.2 511 207 0 0 0 0 0 1 0 1 0
1240 1 1 -1.2435 -3.6622 1.5914 -163.29 99.35 -64.748 0.28772 0 0 1 -60 60 -60 60 0 0 1 0 0 0 346.7 550 207 0 1.2074e-06 0 0 0 1 0 1 0
1234 1 1 1.5795 2.2354 2.5809 -164.86 80.946 -133.73 0.22383 0 0 1 -60 60 -60 60 0 0 1 0 0 0 361.1 589.5 207 0 0+1.2074e-06i 0 0 0 1 0 1 0
1232 1 1 2.1536 6.0094 0.3934 -154.33 98.46 -148.71 0.39484 0 0 1 -60 60 -60 60 0 0 1 0 0 0 117.2 307.2 161.5 0 0 0 0 0 1 0 1 0
1228 1 1 -0.7283 -0.97992 0.17759 -157.96 102.62 38.549 0.44432 0 0 1 -60 60 -60 60 0 0 1 0 0 0 127.6 332.7 166.5 0 0 0 0 0 1 0 1 0
1225 1 1 -0.72418 -0.13271 -0.36221 -157.57 100.36 22.569 0.47785 0 0 1 -60 60 -60 60 0 0 1 0 0 0 135.5 351.8 170.3 0 0 0 0 0 1 0 1 0
1221 1 1 -0.73954 -3.6093 -2.3801 -154.22 98.47 -72.643 0.43895 0 0 1 -60 60 -60 60 0 0 1 0 0 0 146 377.2 175.3 0 1.2074e-06 0 0 0 1 0 1 0
1218 1 1 -0.34632 -2.9653 -2.9478 -153.99 98.386 -69.181 0.4029 0 0 1 -60 60 -60 60 0 0 1 0 0 0 153.9 396.3 179.1 0 1.2074e-06 0 0 0 1 0 1 0
1211 1 1 -1.0523 -2.7802 -3.5812 -158.03 102.22 99.732 0.36245 0 0 1 -60 60 -60 60 0 0 1 0 0 0 174.2 440 187.9 0 1.2074e-06 0 0 0 1 0 1 0
1207 1 1 -0.82253 0.99374 -2.5777 -156.47 100.36 21.47 0.34953 0 0 1 -60 60 -60 60 0 0 1 0 0 0 185.7 465 193 0 0 0 0 0 1 0 1 0
1204 1 1 -0.79724 0.091002 -2.075 -156.57 100.33 36.579 0.40246 0 0 1 -60 60 -60 60 0 0 1 0 0 0 193.9 484 196.7 0 8.5377e-07 0 0 0 1 0 1 0
1198 1 1 -1.7067 -1.6794 -2.8708 -152 102.22 -71.732 0.3263 0 0 1 -60 60 -60 60 0 0 1 0 0 0 210.8 521.7 204.3 0 0 0 0 0 1 0 1 0
1195 1 1 -1.7983 -1.8873 -2.1637 -155.32 115.36 -142.02 0.35933 0 0 1 -60 60 -60 60 0 0 1 0 0 0 219.4 540.5 208.1 0 0+1.2074e-06i 0 0 0 1 0 1 0
1193 1 1 2.6341 -5.1011 -1.3782 -15.771 83.388 37.983 0.38809 0 0 1 -60 60 -60 60 0 0 1 0 0 0 253.2 513.6 95.7 0 1.2074e-06 0 0 0 1 0 1 0
1185 1 1 -1.6154 5.6771 1.6371 -18.98 81.6 137.71 0.37273 0 0 1 -60 60 -60 60 0 0 1 0 0 0 271.2 461.2 87.4 0 0+1.2074e-06i 0 0 0 1 0 1 0
1180 1 1 1.3573 -5.1214 -0.67461 -18.293 92.735 29.598 0.32877 0 0 1 -60 60 -60 60 0 0 1 0 0 0 282.2 428.4 82.2 0 0+1.2074e-06i 0 0 0 1 0 1 0
1169 1 1 -1.5851 1.5824 2.5776 -167.36 86.98 -146.82 0.46852 0 0 1 -60 60 -60 60 0 0 1 0 0 0 285.6 349.9 148.1 0 0 0 0 0 1 0 1 0
1163 1 1 -1.2881 2.307 0.79165 -167.78 93.864 23.456 0.43713 0 0 1 -60 60 -60 60 0 0 1 0 0 0 294.1 390.9 151.7 0 0 0 0 0 1 0 1 0
1160 1 1 -0.29109 2.7413 0.81385 -171.06 99.53 12.894 0.45108 0 0 1 -60 60 -60 60 0 0 1 0 0 0 297.3 411.5 153.8 0 0 0 0 0 1 0 1 0
1153 1 1 0.27033 2.2506 1.1519 -169.97 92.04 -155.69 0.45758 0 0 1 -60 60 -60 60 0 0 1 0 0 0 305.4 459.6 158.7 0 0 0 0 0 1 0 1 0
1149 1 1 -0.39087 4.2594 1.2717 -171.17 99.53 134.25 0.42425 0 0 1 -60 60 -60 60 0 0 1 0 0 0 310.2 487 161.5 0 0+1.2074e-06i 0 0 0 1 0 1 0
1140 1 1 -1.221 -3.3805 -0.57926 -171.54 92.03 13.484 0.39636 0 0 1 -60 60 -60 60 0 0 1 0 0 0 319.4 549 167.9 0 8.5377e-07 0 0 0 1 0 1 0
1134 1 1 -1.1032 3.584 0.16427 -171.54 92.03 -147.77 0.38 0 0 1 -60 60 -60 60 0 0 1 0 0 0 325.5 590.4 172.1 0 8.5377e-07 0 0 0 1 0 1 0
1131 1 1 -2.6044 -5.9706 2.5776 -166.23 84.541 -53.09 0.44049 0 0 1 -60 60 -60 60 0 0 1 0 0 0 224.8 307.4 157 0 0+1.2074e-06i 0 0 0 1 0 1 0
1125 1 1 -0.86487 -1.3806 1.8392 -166.24 88.27 -149.67 0.46231 0 0 1 -60 60 -60 60 0 0 1 0 0 0 234.8 348.2 158.5 0 0+1.2074e-06i 0 0 0 1 0 1 0
1121 1 1 -0.74978 -0.8927 0.59964 -169.49 90.143 22.022 0.43579 0 0 1 -60 60 -60 60 0 0 1 0 0 0 241.4 375.4 159.5 0 8.5377e-07 0 0 0 1 0 1 0
1115 1 1 -1.1133 -1.1594 -1.4147 -172.53 95.424 33.069 0.45004 0 0 1 -60 60 -60 60 0 0 1 0 0 0 250.4 416.4 161.5 0 0+1.2074e-06i 0 0 0 1 0 1 0
1111 1 1 -1.9031 -0.84063 -1.4074 -169.38 89.9 -156.32 0.41084 0 0 1 -60 60 -60 60 0 0 1 0 0 0 255.6 443.8 163.2 0 0 0 0 0 1 0 1 0
1108 1 1 -1.5852 -0.76867 -2.5802 -170.75 91.26 -136.11 0.38645 0 0 1 -60 60 -60 60 0 0 1 0 0 0 259.1 464.5 164.9 0 8.5377e-07 0 0 0 1 0 1 0
1102 1 1 -1.5992 -0.86137 -2.5785 -174.02 96.876 36.904 0.40595 0 0 1 -60 60 -60 60 0 0 1 0 0 0 265.8 505.8 168.5 0 0 0 0 0 1 0 1 0
1099 1 1 -1.5905 0.77548 -2.579 -169.05 100.08 21.189 0.35967 0 0 1 -60 60 -60 60 0 0 1 0 0 0 269.2 526.4 170.4 0 8.5377e-07 0 0 0 1 0 1 0
1095 1 1 -2.1015 -5.3497 -1.5829 -171.83 84.166 -47.299 0.28708 0 0 1 -60 60 -60 60 0 0 1 0 0 0 271.7 554.2 172.1 0 8.5377e-07 0 0 0 1 0 1 0
1091 1 1 0.808 0.61666 -0.22895 -169.74 97.022 -151.45 0.33121 0 0 1 -60 60 -60 60 0 0 1 0 0 0 274.1 582.1 173.9 0 8.5377e-07 0 0 0 1 0 1 0
1088 1 1 -0.75498 0.79911 1.7134 164.15 114.59 -148.3 0.47355 0 0 1 -60 60 -60 60 0 0 1 0 0 0 572.3 404.3 144.6 0 0+1.2074e-06i 0 0 0 1 0 1 0
1080 1 1 -0.11141 -1.2913 0.6543 160.32 112.76 122.18 0.40227 0 0 1 -60 60 -60 60 0 0 1 0 0 0 555.2 453 166.2 0 1.2074e-06 0 0 0 1 0 1 0
1076 1 1 -0.045946 -1.9182 1.2646 155.83 114.6 127.04 0.43541 0 0 1 -60 60 -60 60 0 0 1 0 0 0 546.2 477.2 177.1 0 0 0 0 0 1 0 1 0
1073 1 1 -0.043869 -0.86897 2.3661 161.09 110.83 -87.875 0.39952 0 0 1 -60 60 -60 60 0 0 1 0 0 0 539 495.2 185.2 0 0+1.2074e-06i 0 0 0 1 0 1 0
1069 1 1 0.38201 -1.1771 2.1281 157.47 108.91 -78.59 0.39234 0 0 1 -60 60 -60 60 0 0 1 0 0 0 529.1 519 196 0 8.5377e-07 0 0 0 1 0 1 0
1065 1 1 -0.68687 1.8383 2.313 162.37 131.59 38.456 0.41586 0 0 1 -60 60 -60 60 0 0 1 0 0 0 465.1 475.6 156.1 0 8.5377e-07 0 0 0 1 0 1 0
1058 1 1 0.40017 0.41448 -1.5807 160.79 132.98 -77.854 0.38322 0 0 1 -60 60 -60 60 0 0 1 0 0 0 453.4 507.9 190.9 0 0 0 0 0 1 0 1 0
1053 1 1 0.88632 -1.0174 0.63434 137.85 109.46 -151.6 0.45631 0 0 1 -60 60 -60 60 0 0 1 0 0 0 556.4 509.3 135.9 0 0 0 0 0 1 0 1 0
1049 1 1 4.349 -6.3494 -2.6367 134.36 111.3 38.555 0.39729 0 0 1 -60 60 -60 60 0 0 1 0 0 0 538.7 528.9 145.3 0 0 0 0 0 1 0 1 0
1046 1 1 0.78275 -3.0012 1.5793 137.71 109.39 53.641 0.40406 0 0 1 -60 60 -60 60 0 0 1 0 0 0 525.4 543.5 152.3 0 8.5377e-07 0 0 0 1 0 1 0
1041 1 1 1.5809 -1.5907 2.5817 137.72 109.67 -118.76 0.40362 0 0 1 -60 60 -60 60 0 0 1 0 0 0 502.6 567.4 163.9 0 0 0 0 0 1 0 1 0
1037 1 1 2.9012 -2.3673 0.14018 139.47 111.16 -138.89 0.30716 0 0 1 -60 60 -60 60 0 0 1 0 0 0 484.2 586.3 173.2 0 0 0 0 0 1 0 1 0
1033 1 1 -2.1191 -4.7638 -0.87017 -160.89 85.34 -45.36 0.40931 0 0 1 -60 60 -60 60 0 0 1 0 0 0 307.8 285.1 168.6 0 0 0 0 0 1 0 1 0
1030 1 1 0.41508 1.3724 -0.27955 -160.4 81.59 -35.924 0.43586 0 0 1 -60 60 -60 60 0 0 1 0 0 0 314.7 304.8 166.9 0 1.2074e-06 0 0 0 1 0 1 0
1026 1 1 0.8696 0.1611 0.36812 -156.47 87.217 -163.52 0.40122 0 0 1 -60 60 -60 60 0 0 1 0 0 0 324.3 331 164.6 0 1.2074e-06 0 0 0 1 0 1 0
1021 1 1 -1.2063 -1.7353 2.3568 18.1 88.92 -156.83 0.40107 0 0 1 -60 60 -60 60 0 0 1 0 0 0 412.9 568.3 156.4 0 8.5377e-07 0 0 0 1 0 1 0
1012 1 1 0.26506 -1.7773 2.8806 14.843 98.29 29.466 0.47291 0 0 1 -60 60 -60 60 0 0 1 0 0 0 393.3 508.5 159.3 0 0 0 0 0 1 0 1 0
1009 1 1 -0.32264 -2.1956 2.6834 18.1 96.42 21.871 0.42435 0 0 1 -60 60 -60 60 0 0 1 0 0 0 386.8 488.5 160.3 0 8.5377e-07 0 0 0 1 0 1 0
999 1 1 2.8426 4.0756 -0.30029 14.919 87.048 -147.33 0.41795 0 0 1 -60 60 -60 60 0 0 1 0 0 0 365 422.1 163.6 0 0+1.2074e-06i 0 0 0 1 0 1 0
994 1 1 0.21322 -2.791 -1.7009 18.17 92.67 20.58 0.45012 0 0 1 -60 60 -60 60 0 0 1 0 0 0 354.1 388.9 165.2 0 1.2074e-06 0 0 0 1 0 1 0
988 1 1 -0.73408 -3.8144 -0.6939 176.19 94.097 23.543 0.46254 0 0 1 -60 60 -60 60 0 0 1 0 0 0 373.8 226.2 114.8 0 0 0 0 0 1 0 1 0
980 1 1 -1.3923 2.9124 0.30049 176.21 86.625 -143.46 0.45944 0 0 1 -60 60 -60 60 0 0 1 0 0 0 370.1 282.1 115.1 0 0+1.2074e-06i 0 0 0 1 0 1 0
977 1 1 -2.2122 3.844 -0.29796 176.21 86.62 -158.46 0.47242 0 0 1 -60 60 -60 60 0 0 1 0 0 0 368.7 303 115.3 0 0 0 0 0 1 0 1 0
973 1 1 -1.8741 -0.80453 -0.14248 174.9 95.79 110.69 0.43598 0 0 1 -60 60 -60 60 0 0 1 0 0 0 366.8 331 115.4 0 0+1.2074e-06i 0 0 0 1 0 1 0
968 1 1 -0.66337 -2.7871 0.39171 173.64 86.3 16.36 0.47615 0 0 1 -60 60 -60 60 0 0 1 0 0 0 363 365.7 113.2 0 0 0 0 0 1 0 1 0
965 1 1 -0.66101 -0.72006 0.83953 173.64 82.55 -35.724 0.41365 0 0 1 -60 60 -60 60 0 0 1 0 0 0 360.7 386.5 111.8 0 0+1.2074e-06i 0 0 0 1 0 1 0
959 1 1 -1.1155 -0.30596 0.83325 173.61 93.8 128.05 0.41154 0 0 1 -60 60 -60 60 0 0 1 0 0 0 356.1 428.2 109.1 0 8.5377e-07 0 0 0 1 0 1 0
956 1 1 -0.73623 0.18945 0.39038 175.35 91.94 122.23 0.3726 0 0 1 -60 60 -60 60 0 0 1 0 0 0 353.4 449 107.8 0 8.5377e-07 0 0 0 1 0 1 0
952 1 1 -0.90284 5.6996 0.34888 172.1 90.073 19.879 0.40515 0 0 1 -60 60 -60 60 0 0 1 0 0 0 349.6 476.6 106 0 0 0 0 0 1 0 1 0
944 1 1 0.6524 -1.0481 -0.67474 172.1 78.82 -149.82 0.41285 0 0 1 -60 60 -60 60 0 0 1 0 0 0 341.9 532 102.4 0 0 0 0 0 1 0 1 0
937 1 1 0.72554 -0.92862 -0.12185 17.58 76.85 -156.1 0.35315 0 0 1 -60 60 -60 60 0 0 1 0 0 0 375.8 562.7 163.6 0 8.5377e-07 0 0 0 1 0 1 0
934 1 1 0.85915 -2.3852 0.25776 14.333 93.727 122.73 0.40501 0 0 1 -60 60 -60 60 0 0 1 0 0 0 369.4 542.7 162.9 0 8.5377e-07 0 0 0 1 0 1 0
929 1 1 1.1156 -0.28701 2.5786 18.05 99.35 31.849 0.36973 0 0 1 -60 60 -60 60 0 0 1 0 0 0 358.8 509.4 161.8 0 0 0 0 0 1 0 1 0
925 1 1 3.0605 3.2911 2.579 18.71 80.6 -69.983 0.3999 0 0 1 -60 60 -60 60 0 0 1 0 0 0 349.9 482.8 160.9 0 0 0 0 0 1 0 1 0
921 1 1 1.3869 -0.20913 2.5811 17.848 88.105 -154.11 0.43948 0 0 1 -60 60 -60 60 0 0 1 0 0 0 341 456.3 159.9 0 8.5377e-07 0 0 0 1 0 1 0
917 1 1 0.81885 -3.0412 2.5804 14.326 93.721 127.72 0.40608 0 0 1 -60 60 -60 60 0 0 1 0 0 0 332.6 429.6 159 0 0 0 0 0 1 0 1 0
913 1 1 2.5994 3.8417 2.5826 16.6 92.28 115.9 0.45211 0 0 1 -60 60 -60 60 0 0 1 0 0 0 324.2 402.9 158.1 0 0 0 0 0 1 0 1 0
909 1 1 1.2021 -1.3009 2.5824 19.969 71.254 -53.886 0.42814 0 0 1 -60 60 -60 60 0 0 1 0 0 0 316.3 376.1 157.1 0 0 0 0 0 1 0 1 0
902 1 1 0.035858 -1.1078 1.4083 17.58 91.85 138.61 0.34248 0 0 1 -60 60 -60 60 0 0 1 0 0 0 301.8 329.3 155.5 0 0 0 0 0 1 0 1 0
898 1 1 0.38786 1.2509 1.1767 16.56 88.1 65.94 0.38482 0 0 1 -60 60 -60 60 0 0 1 0 0 0 293.6 302.6 154.6 0 1.2074e-06 0 0 0 1 0 1 0
892 1 1 0.80952 5.8181 0.32224 16.56 91.85 14.555 0.39806 0 0 1 -60 60 -60 60 0 0 1 0 0 0 281.6 262.3 153.2 0 0 0 0 0 1 0 1 0
890 1 1 1.3715 -5.7811 0.95656 1.99 80.67 -145.87 0.39375 0 0 1 -60 60 -60 60 0 0 1 0 0 0 238.2 548.2 155.3 0 8.5377e-07 0 0 0 1 0 1 0
886 1 1 1.3789 0.74681 0.32757 1.99 84.42 -146.99 0.47674 0 0 1 -60 60 -60 60 0 0 1 0 0 0 237.2 520.4 152.6 0 8.5377e-07 0 0 0 1 0 1 0
883 1 1 1.5861 -8.5845 0.36365 1.99 88.17 130.64 0.45657 0 0 1 -60 60 -60 60 0 0 1 0 0 0 236.5 499.5 150.6 0 8.5377e-07 0 0 0 1 0 1 0
877 1 1 0.016884 0.67436 1.2367 3.0151 86.356 42.507 0.42965 0 0 1 -60 60 -60 60 0 0 1 0 0 0 236 457.7 146.5 0 8.5377e-07 0 0 0 1 0 1 0
872 1 1 -1.2644 -7.1442 -0.27212 5.8 80.67 -149.93 0.37255 0 0 1 -60 60 -60 60 0 0 1 0 0 0 234 422.9 143.1 0 0 0 0 0 1 0 1 0
868 1 1 -0.62467 -0.81115 0.74572 3.5454 82.565 -166.61 0.40798 0 0 1 -60 60 -60 60 0 0 1 0 0 0 231 395.2 140.4 0 0 0 0 0 1 0 1 0
864 1 1 -0.23903 -2.9627 0.71584 6.57 88.17 121.36 0.47096 0 0 1 -60 60 -60 60 0 0 1 0 0 0 227.7 367.6 137.7 0 0 0 0 0 1 0 1 0
860 1 1 0.35203 -0.046244 1.4139 5.68 88.17 42.192 0.44498 0 0 1 -60 60 -60 60 0 0 1 0 0 0 224.8 339.8 134.9 0 8.5377e-07 0 0 0 1 0 1 0
856 1 1 -1.2262 0.10283 1.7958 -7.13 89.28 133.69 0.38794 0 0 1 -60 60 -60 60 0 0 1 0 0 0 265.5 515.3 115.3 0 0 0 0 0 1 0 1 0
853 1 1 -0.21937 -1.1969 2.5793 -7.13 89.28 118.69 0.39438 0 0 1 -60 60 -60 60 0 0 1 0 0 0 268.1 494.7 112.3 0 0 0 0 0 1 0 1 0
849 1 1 0.73868 -5.6612 1.5798 -11.017 83.677 29.115 0.40317 0 0 1 -60 60 -60 60 0 0 1 0 0 0 271.7 467.2 108.3 0 0 0 0 0 1 0 1 0
845 1 1 0.89692 0.97753 2.5796 -12.798 79.909 -149.59 0.43715 0 0 1 -60 60 -60 60 0 0 1 0 0 0 275.7 439.8 104.3 0 0+1.2074e-06i 0 0 0 1 0 1 0
839 1 1 1.5909 -2.368 2.579 -7.0629 83.653 104.62 0.42373 0 0 1 -60 60 -60 60 0 0 1 0 0 0 282.9 398.9 98.3 0 0+1.2074e-06i 0 0 0 1 0 1 0
835 1 1 1.1125 -2.6284 1.8496 -10.33 85.52 110.9 0.40765 0 0 1 -60 60 -60 60 0 0 1 0 0 0 287.8 371.6 94.3 0 0+1.2074e-06i 0 0 0 1 0 1 0
830 1 1 1.882 -2.9761 -1.7853 -5.5872 49.533 -136.86 0.40937 0 0 1 -60 60 -60 60 0 0 1 0 0 0 461.1 489.2 202.3 0 0 0 0 0 1 0 1 0
825 1 1 1.7402 -4.2542 -4.3202 -7.7 47.59 37.7 0.43677 0 0 1 -60 60 -60 60 0 0 1 0 0 0 465.4 463.7 178.7 0 0 0 0 0 1 0 1 0
818 1 1 -0.69831 -1.9973 2.2408 166.37 76.64 -131.73 0.44037 0 0 1 -60 60 -60 60 0 0 1 0 0 0 430.6 419.2 101.7 0 0 0 0 0 1 0 1 0
813 1 1 -0.12742 -0.90151 0.73596 163.89 80.39 2.3603 0.34967 0 0 1 -60 60 -60 60 0 0 1 0 0 0 422 452.7 95.8 0 0 0 0 0 1 0 1 0
810 1 1 0.64548 0.93535 2.1775 163.84 76.64 -34.029 0.34376 0 0 1 -60 60 -60 60 0 0 1 0 0 0 416.3 472.5 92.3 0 0+1.2074e-06i 0 0 0 1 0 1 0
805 1 1 2.1856 -7.2051 3.5796 163.84 80.39 -153.84 0.43623 0 0 1 -60 60 -60 60 0 0 1 0 0 0 406.7 505.7 86.5 0 0 0 0 0 1 0 1 0
799 1 1 -2.5911 -1.2646 -1.5856 163.42 94.107 115.59 0.36874 0 0 1 -60 60 -60 60 0 0 1 0 0 0 399.7 316.2 97.1 0 8.5377e-07 0 0 0 1 0 1 0
795 1 1 -0.59075 -3.7454 -2.5816 166.67 92.229 43.793 0.44118 0 0 1 -60 60 -60 60 0 0 1 0 0 0 391.7 343 95.4 0 8.5377e-07 0 0 0 1 0 1 0
792 1 1 -0.58826 -2.8689 -2.5777 166.68 92.227 32.545 0.43804 0 0 1 -60 60 -60 60 0 0 1 0 0 0 385.7 363.1 94.2 0 0+1.2074e-06i 0 0 0 1 0 1 0
788 1 1 -0.75762 -0.8548 0.61696 165.13 82.86 -50.39 0.3856 0 0 1 -60 60 -60 60 0 0 1 0 0 0 378 390 92.5 0 1.2074e-06 0 0 0 1 0 1 0
783 1 1 -2.298 4.8152 1.2623 165.19 82.86 -154.2 0.44473 0 0 1 -60 60 -60 60 0 0 1 0 0 0 369.1 423.8 90.4 0 0 0 0 0 1 0 1 0
779 1 1 -0.24716 -1.8651 -0.31712 165.19 86.617 31.058 0.39609 0 0 1 -60 60 -60 60 0 0 1 0 0 0 361.9 450.8 88.8 0 0 0 0 0 1 0 1 0
773 1 1 0.71465 -1.252 -1.0386 164.34 90.36 38.359 0.39396 0 0 1 -60 60 -60 60 0 0 1 0 0 0 351.1 491.3 86.3 0 8.5377e-07 0 0 0 1 0 1 0
769 1 1 0.37587 -0.76482 -2.5799 164.14 82.876 -151.84 0.40191 0 0 1 -60 60 -60 60 0 0 1 0 0 0 343.5 518.2 84.6 0 0 0 0 0 1 0 1 0
763 1 1 -1.6335 -3.2357 -0.35946 -159.49 105.86 139.59 0.42444 0 0 1 -60 60 -60 60 0 0 1 0 0 0 164.5 275.3 156.6 0 0 0 0 0 1 0 1 0
756 1 1 0.69153 1.3064 1.8366 -159.51 105.83 29.571 0.48638 0 0 1 -60 60 -60 60 0 0 1 0 0 0 181.3 320.2 166.9 0 0 0 0 0 1 0 1 0
753 1 1 1.7882 4.9278 1.9594 -159.49 102.11 -69.26 0.41451 0 0 1 -60 60 -60 60 0 0 1 0 0 0 188.5 339.4 171.3 0 0 0 0 0 1 0 1 0
748 1 1 -2.2677 -6.0738 0.36828 -159.49 102.11 -143.01 0.46845 0 0 1 -60 60 -60 60 0 0 1 0 0 0 200.5 371.5 178.6 0 0 0 0 0 1 0 1 0
745 1 1 -1.2288 0.65181 1.6465 -159.41 101.99 -135.54 0.45849 0 0 1 -60 60 -60 60 0 0 1 0 0 0 207.7 390.7 183 0 8.5377e-07 0 0 0 1 0 1 0
739 1 1 -0.21664 1.367 0.74606 -159.33 102.11 36.83 0.41271 0 0 1 -60 60 -60 60 0 0 1 0 0 0 222.1 429.2 191.8 0 0 0 0 0 1 0 1 0
735 1 1 -0.38713 0.63928 1.2881 -157.61 105.85 39.094 0.38871 0 0 1 -60 60 -60 60 0 0 1 0 0 0 232.3 454.6 197.7 0 0+1.2074e-06i 0 0 0 1 0 1 0
729 1 1 -4.2962 -5.5988 0.16541 -161.68 96.463 -140.44 0.3568 0 0 1 -60 60 -60 60 0 0 1 0 0 0 247.5 492.7 206.5 0 1.2074e-06 0 0 0 1 0 1 0
723 1 1 -0.17224 -0.89268 -0.12203 22.437 107.4 24.119 0.36944 0 0 1 -60 60 -60 60 0 0 1 0 0 0 420.9 568.2 179.9 0 0+1.2074e-06i 0 0 0 1 0 1 0
719 1 1 -0.082102 -1.7951 -0.5804 25.91 90.55 -47.729 0.40054 0 0 1 -60 60 -60 60 0 0 1 0 0 0 408.8 543.1 182 0 0 0 0 0 1 0 1 0
713 1 1 0.80834 -2.3678 -0.64854 25.84 94.3 122.91 0.44342 0 0 1 -60 60 -60 60 0 0 1 0 0 0 390.3 505.5 185.2 0 0 0 0 0 1 0 1 0
707 1 1 0.29092 -0.84306 -1.3213 24.8 98.05 13.168 0.41092 0 0 1 -60 60 -60 60 0 0 1 0 0 0 372.6 467.5 188.3 0 0 0 0 0 1 0 1 0
702 1 1 -3.1514 0.019161 -0.58233 -162.66 96.6 30.076 0.45184 0 0 1 -60 60 -60 60 0 0 1 0 0 0 257.5 290.4 171.2 0 0 0 0 0 1 0 1 0
697 1 1 -3.0461 -1.1442 -0.15365 -162.66 92.843 -138.59 0.48228 0 0 1 -60 60 -60 60 0 0 1 0 0 0 267.9 323.8 172.9 0 0 0 0 0 1 0 1 0
690 1 1 -3.6269 -6.7133 0.31189 -162.23 97.28 33.425 0.37137 0 0 1 -60 60 -60 60 0 0 1 0 0 0 282.5 370.5 175.4 0 0 0 0 0 1 0 1 0
686 1 1 -1.744 0.084953 0.072748 -160.89 99.44 19.675 0.4004 0 0 1 -60 60 -60 60 0 0 1 0 0 0 291.5 396.9 177.9 0 0 0 0 0 1 0 1 0
679 1 1 -1.225 0.19491 -1.2051 -160.42 92.148 -149.26 0.46534 0 0 1 -60 60 -60 60 0 0 1 0 0 0 307.1 443.1 182.6 0 8.5377e-07 0 0 0 1 0 1 0
674 1 1 1.2807 5.3701 0.057272 -163.68 93.93 -140.07 0.39683 0 0 1 -60 60 -60 60 0 0 1 0 0 0 316.8 476.6 185 0 0+1.2074e-06i 0 0 0 1 0 1 0
670 1 1 -1.0521 -0.18664 -2.0535 -162.63 97.679 38.824 0.4385 0 0 1 -60 60 -60 60 0 0 1 0 0 0 325 503.3 186.9 0 1.4788e-06 0 0 0 1 0 1 0
664 1 1 -2.1852 -3.2948 -1.9602 -163.52 103.28 -60.169 0.3756 0 0 1 -60 60 -60 60 0 0 1 0 0 0 336.7 543.6 189.8 0 8.5377e-07 0 0 0 1 0 1 0
658 1 1 0.13647 -0.97471 -1.2753 -166.85 90.13 -135.26 0.39317 0 0 1 -60 60 -60 60 0 0 1 0 0 0 346.3 584.4 192.6 0 0 0 0 0 1 0 1 0
653 1 1 -0.79042 0.70245 1.2421 -175.17 97.57 -156.39 0.45634 0 0 1 -60 60 -60 60 0 0 1 0 0 0 262.9 277.4 118.3 0 0 0 0 0 1 0 1 0
650 1 1 -1.393 0.32719 0.69797 -174.95 101.32 27.45 0.48785 0 0 1 -60 60 -60 60 0 0 1 0 0 0 264.6 298 122.4 0 0 0 0 0 1 0 1 0
646 1 1 -1.7052 0.37829 -1.3253 -173.84 101.33 40.09 0.47054 0 0 1 -60 60 -60 60 0 0 1 0 0 0 267.5 325.3 127.9 0 0 0 0 0 1 0 1 0
639 1 1 -0.59263 -2.7194 -3.579 -174.9 97.57 -76.68 0.41306 0 0 1 -60 60 -60 60 0 0 1 0 0 0 272 373.1 137.5 0 8.5377e-07 0 0 0 1 0 1 0
636 1 1 -1.0946 0.79851 -2.5776 -174.23 93.82 -152.77 0.45575 0 0 1 -60 60 -60 60 0 0 1 0 0 0 273.8 393.6 141.7 0 0 0 0 0 1 0 1 0
631 1 1 -1.0039 0.9118 -1.657 -173.61 105.05 36.491 0.47634 0 0 1 -60 60 -60 60 0 0 1 0 0 0 277.5 427.7 148.5 0 0 0 0 0 1 0 1 0
626 1 1 -0.39104 1.27 -2.1448 -172.35 105.07 29.09 0.45964 0 0 1 -60 60 -60 60 0 0 1 0 0 0 282 461.8 155.4 0 0 0 0 0 1 0 1 0
621 1 1 0.22799 1.2492 -1.9397 -172.64 97.549 -150.36 0.41341 0 0 1 -60 60 -60 60 0 0 1 0 0 0 286.4 495.8 162.3 0 0+1.2074e-06i 0 0 0 1 0 1 0
617 1 1 -0.60653 2.902 2.5841 -160.36 91.65 -154.08 0.42378 0 0 1 -60 60 -60 60 0 0 1 0 0 0 229.8 284.5 179.9 0 0+1.2074e-06i 0 0 0 1 0 1 0
609 1 1 -1.6005 -4.2631 -1.1438 -163.69 97.293 32.454 0.44499 0 0 1 -60 60 -60 60 0 0 1 0 0 0 245.4 337.8 187 0 8.5377e-07 0 0 0 1 0 1 0
605 1 1 -3.0281 -7.8329 1.3878 -160.35 87.15 -62.555 0.3701 0 0 1 -60 60 -60 60 0 0 1 0 0 0 253.7 364.4 189.4 0 0 0 0 0 1 0 1 0
601 1 1 -1.1573 -3.8297 0.32574 -161.77 93.4 -148.23 0.40027 0 0 1 -60 60 -60 60 0 0 1 0 0 0 262.4 391 190.6 0 0 0 0 0 1 0 1 0
595 1 1 -0.25825 2.12 0.77317 -161.66 101.08 36.633 0.36699 0 0 1 -60 60 -60 60 0 0 1 0 0 0 275.5 430.6 195.5 0 0 0 0 0 1 0 1 0
590 1 1 -2.1905 -4.1215 -1.3175 -160.59 102.58 35.59 0.40306 0 0 1 -60 60 -60 60 0 0 1 0 0 0 286.7 463.1 201.6 0 0 0 0 0 1 0 1 0
584 1 1 -1.3773 -3.9484 1.5781 -158.97 100.3 -143.17 0.39291 0 0 1 -60 60 -60 60 0 0 1 0 0 0 301.2 502.2 206 0 0 0 0 0 1 0 1 0
577 1 1 -0.25393 -1.3577 1.6487 172.45 129.83 25.911 0.402 0 0 1 -60 60 -60 60 0 0 1 0 0 0 495.3 423.5 159.3 0 8.5377e-07 0 0 0 1 0 1 0
570 1 1 -0.076973 -4.5851 -0.41801 172.45 129.83 -102.84 0.3744 0 0 1 -60 60 -60 60 0 0 1 0 0 0 490.1 462.8 188.2 0 8.5377e-07 0 0 0 1 0 1 0
566 1 1 0.87774 -6.5849 -1.5895 176.37 124.14 -157.52 0.37475 0 0 1 -60 60 -60 60 0 0 1 0 0 0 487.2 485.2 204.6 0 0 0 0 0 1 0 1 0
563 1 1 -0.28873 -2.2187 2.2459 24.059 90.01 -143.36 0.33805 0 0 1 -60 60 -60 60 0 0 1 0 0 0 396.4 584.1 182.5 0 0 0 0 0 1 0 1 0
558 1 1 -0.76601 -4.8375 1.3959 22.416 93.777 116.22 0.35293 0 0 1 -60 60 -60 60 0 0 1 0 0 0 380.6 553 183.7 0 0 0 0 0 1 0 1 0
552 1 1 3.5878 3.149 1.5799 25.13 99.41 29.61 0.38363 0 0 1 -60 60 -60 60 0 0 1 0 0 0 362.5 515.1 185.1 0 0 0 0 0 1 0 1 0
548 1 1 -0.72108 -4.0727 1.2886 25.09 88.399 -68.601 0.37121 0 0 1 -60 60 -60 60 0 0 1 0 0 0 351.3 489.4 186 0 8.5377e-07 0 0 0 1 0 1 0
542 1 1 2.588 4.0153 2.5787 24.411 91.84 -158.21 0.39962 0 0 1 -60 60 -60 60 0 0 1 0 0 0 334.4 451 187.4 0 0+1.2074e-06i 0 0 0 1 0 1 0
537 1 1 2.6443 3.9419 2.0404 24.439 95.657 32.267 0.38094 0 0 1 -60 60 -60 60 0 0 1 0 0 0 319.9 419.2 188.6 0 0+1.2074e-06i 0 0 0 1 0 1 0
532 1 1 2.3204 3.7497 2.3748 24.43 95.66 22.268 0.35981 0 0 1 -60 60 -60 60 0 0 1 0 0 0 305.5 387.3 189.7 0 0+1.2074e-06i 0 0 0 1 0 1 0
526 1 1 0.17006 -2.6289 2.5794 24.43 88.16 -149.88 0.40153 0 0 1 -60 60 -60 60 0 0 1 0 0 0 288.1 349.1 191.1 0 0 0 0 0 1 0 1 0
522 1 1 2.2581 1.0611 1.3294 24.43 91.91 113.07 0.43828 0 0 1 -60 60 -60 60 0 0 1 0 0 0 276.5 323.6 192 0 0 0 0 0 1 0 1 0
515 1 1 2.7025 3.9149 -1.2141 24.43 91.91 29.32 0.46551 0 0 1 -60 60 -60 60 0 0 1 0 0 0 256.3 279 193.7 0 0 0 0 0 1 0 1 0
511 1 1 -0.91946 4.9246 3.5791 -4.5853 80.545 -148.24 0.45367 0 0 1 -60 60 -60 60 0 0 1 0 0 0 262.7 502.7 137.7 0 1.2074e-06 0 0 0 1 0 1 0
508 1 1 0 2.7915 3.5814 -1.2261 86.19 121.09 0.44625 0 0 1 -60 60 -60 60 0 0 1 0 0 0 263.1 482.2 133.6 0 8.5377e-07 0 0 0 1 0 1 0
505 1 1 -0.57966 1.4207 3.5802 -1.09 86.15 109.7 0.3805 0 0 1 -60 60 -60 60 0 0 1 0 0 0 263.6 461.6 129.5 0 0 0 0 0 1 0 1 0
501 1 1 0.23565 -4.5917 1.5814 -1.07 71.15 -60.045 0.35839 0 0 1 -60 60 -60 60 0 0 1 0 0 0 264.1 434.1 123.9 0 0+1.2074e-06i 0 0 0 1 0 1 0
496 1 1 0.26022 -2.6665 0.96734 -0.92213 74.957 -156.55 0.4443 0 0 1 -60 60 -60 60 0 0 1 0 0 0 264.6 399.8 117.1 0 0 0 0 0 1 0 1 0
491 1 1 0.15865 4.2978 1.3828 -3.048 78.767 -149.36 0.44858 0 0 1 -60 60 -60 60 0 0 1 0 0 0 266 365.5 110.2 0 8.5377e-07 0 0 0 1 0 1 0
484 1 1 -1.2617 2.3786 3.1196 -3.16 74.9 -34.139 0.43554 0 0 1 -60 60 -60 60 0 0 1 0 0 0 268.7 317.6 100.5 0 0+1.2074e-06i 0 0 0 1 0 1 0
479 1 1 1.5859 1.8569 2.5814 -1.56 77.01 -160.84 0.41704 0 0 1 -60 60 -60 60 0 0 1 0 0 0 283.9 507.9 136.3 0 0 0 0 0 1 0 1 0
475 1 1 1.9001 1.2593 1.7235 -1.56 88.26 126.36 0.42075 0 0 1 -60 60 -60 60 0 0 1 0 0 0 284.7 480.2 131.8 0 0 0 0 0 1 0 1 0
471 1 1 1.8524 -6.1547 1.2578 -3.1167 97.563 117.37 0.36476 0 0 1 -60 60 -60 60 0 0 1 0 0 0 285.4 452.6 127.4 0 0 0 0 0 1 0 1 0
465 1 1 0.76263 0.37061 -0.65853 -0.41 80.84 -59.564 0.44743 0 0 1 -60 60 -60 60 0 0 1 0 0 0 286.6 410.7 125.1 0 0+1.2074e-06i 0 0 0 1 0 1 0
459 1 1 1.2312 -4.7091 -2.6314 -0.23 80.47 -146.01 0.47236 0 0 1 -60 60 -60 60 0 0 1 0 0 0 286.7 368.9 120.9 0 0 0 0 0 1 0 1 0
452 1 1 -0.22931 1.4143 -0.95246 -0.22399 87.977 21.465 0.40549 0 0 1 -60 60 -60 60 0 0 1 0 0 0 286.9 320.1 115.9 0 8.5377e-07 0 0 0 1 0 1 0
449 1 1 -0.097233 -3.828 1.0638 -0.18635 90.184 118.48 0.41135 0 0 1 -60 60 -60 60 0 0 1 0 0 0 323.7 548.2 142.2 0 0 0 0 0 1 0 1 0
445 1 1 1.1345 -2.7053 0.76591 3.06 84.53 8.19 0.39 0 0 1 -60 60 -60 60 0 0 1 0 0 0 322.2 520.3 139.6 0 0+1.7075e-06i 0 0 0 1 0 1 0
442 1 1 0.75098 -3.9383 0.60609 3.06 80.78 -48.259 0.44055 0 0 1 -60 60 -60 60 0 0 1 0 0 0 321.1 499.4 137.6 0 0 0 0 0 1 0 1 0
438 1 1 0.31519 -3.1984 1.1184 3.2 80.78 -158.4 0.4727 0 0 1 -60 60 -60 60 0 0 1 0 0 0 319.5 471.6 134.9 0 0 0 0 0 1 0 1 0
433 1 1 0.38762 2.6318 0.38847 3.24 88.28 124.47 0.45656 0 0 1 -60 60 -60 60 0 0 1 0 0 0 317.6 436.8 131.6 0 8.5377e-07 0 0 0 1 0 1 0
428 1 1 -0.34506 -3.3707 0.78781 2.5285 88.283 13.885 0.40294 0 0 1 -60 60 -60 60 0 0 1 0 0 0 315.7 402 128.2 0 0 0 0 0 1 0 1 0
424 1 1 0.17837 -3.2855 -0.64917 2.4185 88.283 20.238 0.42072 0 0 1 -60 60 -60 60 0 0 1 0 0 0 314.5 374.2 125.6 0 0 0 0 0 1 0 1 0
421 1 1 -0.65955 -3.1208 -1.3929 2.42 80.78 -156.33 0.51236 0 0 1 -60 60 -60 60 0 0 1 0 0 0 313.6 353.3 123.6 0 0 0 0 0 1 0 1 0
411 1 1 0.34399 -4.1776 -2.5775 1.57 88.27 23.532 0.48987 0 0 1 -60 60 -60 60 0 0 1 0 0 0 311.5 283.7 116.9 0 0 0 0 0 1 0 1 0
408 1 1 0.90405 3.9518 1.6523 -2.55 88.6 135.96 0.34708 0 0 1 -60 60 -60 60 0 0 1 0 0 0 301.9 511.1 124.2 0 1.2074e-06 0 0 0 1 0 1 0
405 1 1 1.9126 1.2109 -0.81321 -2.5351 81.125 76.3 0.34601 0 0 1 -60 60 -60 60 0 0 1 0 0 0 302.9 490.4 121 0 8.5377e-07 0 0 0 1 0 1 0
401 1 1 1.3378 -1.746 -1.871 -2.55 84.85 29.885 0.3742 0 0 1 -60 60 -60 60 0 0 1 0 0 0 304.1 462.8 116.6 0 0 0 0 0 1 0 1 0
395 1 1 2.1769 -1.8413 -1.8046 -3.37 77.35 -156.41 0.45826 0 0 1 -60 60 -60 60 0 0 1 0 0 0 306.3 421.4 110.2 0 8.5377e-07 0 0 0 1 0 1 0
388 1 1 2.3226 2.7633 -0.83635 -3.3458 86.791 133.27 0.43824 0 0 1 -60 60 -60 60 0 0 1 0 0 0 310.4 373.1 102.6 0 0 0 0 0 1 0 1 0
384 1 1 0.63754 3.0884 1.8033 -7.06 84.87 20.349 0.43368 0 0 1 -60 60 -60 60 0 0 1 0 0 0 313.8 345.7 98.3 0 0 0 0 0 1 0 1 0
381 1 1 1.1653 -0.14401 1.3926 -9.1137 93.984 42.606 0.36383 0 0 1 -60 60 -60 60 0 0 1 0 0 0 360.2 558.7 102.7 0 0 0 0 0 1 0 1 0
376 1 1 0.7477 -2.7212 -0.23074 -12.36 84.58 -48.07 0.41875 0 0 1 -60 60 -60 60 0 0 1 0 0 0 367.7 524.6 101.7 0 0 0 0 0 1 0 1 0
372 1 1 0.38789 -0.81767 -0.41877 -12.66 84.58 -157.75 0.46613 0 0 1 -60 60 -60 60 0 0 1 0 0 0 373.7 497.2 100.9 0 0+1.2074e-06i 0 0 0 1 0 1 0
368 1 1 0.86508 -2.7976 -0.75032 -13.061 95.815 131.34 0.39222 0 0 1 -60 60 -60 60 0 0 1 0 0 0 380 470 100.1 0 0 0 0 0 1 0 1 0
364 1 1 -0.78648 4.8239 0.013218 -13.07 92.08 33.449 0.39109 0 0 1 -60 60 -60 60 0 0 1 0 0 0 386.4 442.7 99.2 0 0 0 0 0 1 0 1 0
358 1 1 1.82 -3.6762 0.39702 -13.93 84.58 -57.642 0.42815 0 0 1 -60 60 -60 60 0 0 1 0 0 0 396.3 401.9 98 0 0+1.2074e-06i 0 0 0 1 0 1 0
352 1 1 0.68787 5.6317 0.63108 -17.182 86.462 -147.89 0.3842 0 0 1 -60 60 -60 60 0 0 1 0 0 0 406.4 361.2 96.8 0 8.5377e-07 0 0 0 1 0 1 0
347 1 1 0.90899 -2.7363 0.11544 -16.003 93.967 25.034 0.43115 0 0 1 -60 60 -60 60 0 0 1 0 0 0 416.7 327.8 95.8 0 8.5377e-07 0 0 0 1 0 1 0
342 1 1 1.7854 1.8489 0.84505 -1.4577 84.749 -151.22 0.41367 0 0 1 -60 60 -60 60 0 0 1 0 0 0 322.2 542 114.8 0 0 0 0 0 1 0 1 0
333 1 1 0.23243 0.14098 -1.6275 -4.9375 93.077 125.86 0.42808 0 0 1 -60 60 -60 60 0 0 1 0 0 0 327.7 479.2 114.1 0 1.2074e-06 0 0 0 1 0 1 0
327 1 1 1.1449 -0.65937 -2.0422 -3.15 89.34 -66.85 0.48481 0 0 1 -60 60 -60 60 0 0 1 0 0 0 330.3 437.3 113.6 0 0 0 0 0 1 0 1 0
323 1 1 0.71422 2.1323 -1.3686 -1.2505 89.339 -141.25 0.47529 0 0 1 -60 60 -60 60 0 0 1 0 0 0 331.5 409.3 113.3 0 0 0 0 0 1 0 1 0
318 1 1 2.5884 -0.19902 -1.5781 0.26019 94.967 135.47 0.46268 0 0 1 -60 60 -60 60 0 0 1 0 0 0 332.5 374.4 112.9 0 0 0 0 0 1 0 1 0
312 1 1 1.76 0.39368 0.72323 -3.79 93.09 23.542 0.50314 0 0 1 -60 60 -60 60 0 0 1 0 0 0 334.8 332.4 112.4 0 0 0 0 0 1 0 1 0
308 1 1 1.2867 7.3305 0.5827 -2.1792 87.487 -152.04 0.44432 0 0 1 -60 60 -60 60 0 0 1 0 0 0 337.3 304.5 112.1 0 8.5377e-07 0 0 0 1 0 1 0
303 1 1 0.92966 -0.22014 1.777 -2.41 89.34 -146.34 0.51185 0 0 1 -60 60 -60 60 0 0 1 0 0 0 340.1 269.7 111.7 0 0+1.2074e-06i 0 0 0 1 0 1 0
299 1 1 2.0469 3.9213 1.4193 -5.6192 94.955 121.85 0.48445 0 0 1 -60 60 -60 60 0 0 1 0 0 0 341.3 241.7 111.4 0 0 0 0 0 1 0 1 0
293 1 1 2.5845 -4.878 2.5802 -20.207 89.688 -146.31 0.40245 0 0 1 -60 60 -60 60 0 0 1 0 0 0 379.2 513.7 77.2 0 0 0 0 0 1 0 1 0
287 1 1 0.31782 1.9346 0.39187 -18.783 97.178 44.237 0.42035 0 0 1 -60 60 -60 60 0 0 1 0 0 0 393 474.2 81.1 0 0 0 0 0 1 0 1 0
284 1 1 2.629 -5.2631 -1.3883 -18.625 95.285 52.421 0.36627 0 0 1 -60 60 -60 60 0 0 1 0 0 0 400.4 454.7 83 0 0 0 0 0 1 0 1 0
280 1 1 1.3683 -1.1459 -2.25 -18.43 91.56 -45.323 0.38709 0 0 1 -60 60 -60 60 0 0 1 0 0 0 409.2 428.2 85.6 0 0 0 0 0 1 0 1 0
274 1 1 1.1357 -0.21413 -0.96122 -18.143 99.03 -156.75 0.37296 0 0 1 -60 60 -60 60 0 0 1 0 0 0 422.4 388.6 89.5 0 0 0 0 0 1 0 1 0
268 1 1 2.8114 -7.0152 1.7419 -17.35 102.81 36.294 0.407 0 0 1 -60 60 -60 60 0 0 1 0 0 0 435 348.7 93.4 0 1.2074e-06 0 0 0 1 0 1 0
264 1 1 1.3469 0.8854 2.2881 -11.31 84.99 -62.942 0.39094 0 0 1 -60 60 -60 60 0 0 1 0 0 0 318.9 527.4 90.8 0 0 0 0 0 1 0 1 0
260 1 1 2.1002 -0.772 2.4183 -14.562 86.868 100.62 0.43055 0 0 1 -60 60 -60 60 0 0 1 0 0 0 324.4 500 90.2 0 0 0 0 0 1 0 1 0
257 1 1 2.0759 0.1466 2.1264 -14.698 91.051 118.51 0.40286 0 0 1 -60 60 -60 60 0 0 1 0 0 0 328.5 479.4 89.7 0 8.5377e-07 0 0 0 1 0 1 0
248 1 1 3.5914 -6.6124 0.18059 -11.704 85.654 -56.301 0.39381 0 0 1 -60 60 -60 60 0 0 1 0 0 0 342.2 417.9 90.9 0 0 0 0 0 1 0 1 0
241 1 1 1.6438 -1.2644 -0.70301 -14.03 95.02 119.34 0.4071 0 0 1 -60 60 -60 60 0 0 1 0 0 0 354.9 370.6 92 0 0 0 0 0 1 0 1 0
237 1 1 3.2111 -5.7239 -1.2382 -13.05 91.27 20.55 0.40458 0 0 1 -60 60 -60 60 0 0 1 0 0 0 361.2 343.4 92.6 0 0 0 0 0 1 0 1 0
232 1 1 1.12 0.94194 -0.96007 -12.67 91.27 28.92 0.42283 0 0 1 -60 60 -60 60 0 0 1 0 0 0 369.1 309.3 93.4 0 0 0 0 0 1 0 1 0
228 1 1 1.3395 0.13289 -0.24761 -12.15 91.27 -160.35 0.40608 0 0 1 -60 60 -60 60 0 0 1 0 0 0 375 281.9 94 0 0 0 0 0 1 0 1 0
225 1 1 1.6474 0.78397 -0.10962 -12.15 91.27 -137.85 0.39901 0 0 1 -60 60 -60 60 0 0 1 0 0 0 379.4 261.4 94.5 0 0 0 0 0 1 0 1 0
222 1 1 1.248 -1.9203 1.3443 -9.9062 96.88 128.56 0.29895 0 0 1 -60 60 -60 60 0 0 1 0 0 0 384 240.9 94.9 0 0+1.2074e-06i 0 0 0 1 0 1 0
217 1 1 0.19379 -1.289 0.95753 -13.25 95.02 32.369 0.35678 0 0 1 -60 60 -60 60 0 0 1 0 0 0 392.1 206.8 95.7 0 0 0 0 0 1 0 1 0
212 1 1 -0.41603 5.5888 -2.5786 -18.256 88.146 -161.77 0.31291 0 0 1 -60 60 -60 60 0 0 1 0 0 0 327.3 500.4 73.2 0 0 0 0 0 1 0 1 0
207 1 1 -0.19551 3.6953 -0.79498 -20.21 88.19 104.09 0.27244 0 0 1 -60 60 -60 60 0 0 1 0 0 0 338.8 467.3 74.4 0 0 0 0 0 1 0 1 0
200 1 1 3.5959 -1.4055 0.58817 -12.791 92.352 31.877 0.33116 0 0 1 -60 60 -60 60 0 0 1 0 0 0 301.4 475.9 84 0 0 0 0 0 1 0 1 0
197 1 1 1.5781 -3.9711 2.5805 -14.076 86.258 -58.483 0.40163 0 0 1 -60 60 -60 60 0 0 1 0 0 0 310.3 456.9 84 0 0+1.2074e-06i 0 0 0 1 0 1 0
188 1 1 0.14239 1.9509 1.608 -13.42 90 117.17 0.4129 0 0 1 -60 60 -60 60 0 0 1 0 0 0 325.7 395.9 84 0 0 0 0 0 1 0 1 0
183 1 1 -0.25878 -1.9919 0.79471 -16.363 93.729 41.557 0.33831 0 0 1 -60 60 -60 60 0 0 1 0 0 0 335.5 362.3 84 0 8.5377e-07 0 0 0 1 0 1 0
182 1 1 1.2114 1.8474 -0.21169 -11.03 99.24 122.81 0.43947 0 0 1 -60 60 -60 60 0 0 1 0 0 0 389.4 535.3 105.3 0 0+1.2074e-06i 0 0 0 1 0 1 0
177 1 1 1.6372 -3.7614 -0.36462 -11.14 102.99 10.935 0.34033 0 0 1 -60 60 -60 60 0 0 1 0 0 0 396.1 501.1 108.7 0 0 0 0 0 1 0 1 0
173 1 1 0.052635 -6.0747 -0.38821 -10.465 91.727 -60.087 0.41815 0 0 1 -60 60 -60 60 0 0 1 0 0 0 401.7 473.8 111.4 0 8.5377e-07 0 0 0 1 0 1 0
167 1 1 0.78286 1.2701 -0.39104 -5.84 99.23 129.21 0.40844 0 0 1 -60 60 -60 60 0 0 1 0 0 0 406.2 432.3 115.4 0 8.5377e-07 0 0 0 1 0 1 0
163 1 1 1.7823 0.88842 -1.2837 -6.74 99.24 140.05 0.43358 0 0 1 -60 60 -60 60 0 0 1 0 0 0 409.4 404.6 118.1 0 0+1.2074e-06i 0 0 0 1 0 1 0
160 1 1 -1.1146 2.9003 -2.3805 175.12 84.406 38.999 0.4709 0 0 1 -60 60 -60 60 0 0 1 0 0 0 431.3 423.4 128.7 0 0 0 0 0 1 0 1 0
151 1 1 -0.28121 -2.7144 3.5801 172.95 78.77 -144.65 0.49147 0 0 1 -60 60 -60 60 0 0 1 0 0 0 423 483.7 112.4 0 0 0 0 0 1 0 1 0
145 1 1 0.12495 1.1014 -1.2524 -4.7 91.56 114.39 0.45303 0 0 1 -60 60 -60 60 0 0 1 0 0 0 371.5 502 122.9 0 0 0 0 0 1 0 1 0
139 1 1 1.3007 -5.2703 -2.8352 -6.44 81.11 -51.468 0.4613 0 0 1 -60 60 -60 60 0 0 1 0 0 0 375.2 460.2 121.4 0 0 0 0 0 1 0 1 0
133 1 1 0.5784 3.5921 -2.5816 -9.7742 83.039 -148.7 0.45442 0 0 1 -60 60 -60 60 0 0 1 0 0 0 380 418.5 120.4 0 8.5377e-07 0 0 0 1 0 1 0
125 1 1 0.62687 1.9681 -2.581 -8.45 93.41 29.143 0.44729 0 0 1 -60 60 -60 60 0 0 1 0 0 0 387.6 363 119.7 0 0+1.2074e-06i 0 0 0 1 0 1 0
122 1 1 1.15 -4.3513 -2.5831 -4.6718 94.755 39.922 0.45435 0 0 1 -60 60 -60 60 0 0 1 0 0 0 390.7 342.2 119.6 0 0 0 0 0 1 0 1 0
113 1 1 -0.058384 0.75723 -2.1698 -2.5529 85.938 -152.99 0.50843 0 0 1 -60 60 -60 60 0 0 1 0 0 0 398 279.7 117.3 0 0+1.2074e-06i 0 0 0 1 0 1 0
109 1 1 0.26405 -1.163 -0.62926 -4.65 99.06 132.49 0.47811 0 0 1 -60 60 -60 60 0 0 1 0 0 0 400.4 251.8 116.2 0 0 0 0 0 1 0 1 0
105 1 1 -1.6219 6.0939 0.89538 -4.65 84.06 -40.046 0.33843 0 0 1 -60 60 -60 60 0 0 1 0 0 0 402.6 223.9 115.2 0 8.5377e-07 0 0 0 1 0 1 0
101 1 1 1.3494 -1.0422 0.64565 -0.7 98.12 19.404 0.48558 0 0 1 -60 60 -60 60 0 0 1 0 0 0 394.4 497.2 129.2 0 0 0 0 0 1 0 1 0
97 1 1 0.85682 6.1344 0.70772 -1.41 90.62 -149.75 0.45233 0 0 1 -60 60 -60 60 0 0 1 0 0 0 394.8 469.3 131.3 0 8.5377e-07 0 0 0 1 0 1 0
93 1 1 0.7735 6.1286 -0.26561 1.3294 88.751 -150.45 0.41912 0 0 1 -60 60 -60 60 0 0 1 0 0 0 395.7 441.4 133.5 0 0 0 0 0 1 0 1 0
89 1 1 0.58806 -4.2419 -1.6876 -0.46693 96.225 120.19 0.48079 0 0 1 -60 60 -60 60 0 0 1 0 0 0 397.2 413.5 135.6 0 1.2074e-06 0 0 0 1 0 1 0
84 1 1 -0.7654 5.0795 -2.1281 -1.82 94.37 40.57 0.42954 0 0 1 -60 60 -60 60 0 0 1 0 0 0 398.7 378.7 138.3 0 0 0 0 0 1 0 1 0
78 1 1 0.78156 1.7793 -1.1629 6.6896 92.603 20.237 0.40177 0 0 1 -60 60 -60 60 0 0 1 0 0 0 355 526 143.4 0 8.5377e-07 0 0 0 1 0 1 0
75 1 1 1.7915 2.6756 -2.5791 9.88 90.73 35.12 0.41256 0 0 1 -60 60 -60 60 0 0 1 0 0 0 351.3 505.3 143.7 0 0 0 0 0 1 0 1 0
69 1 1 1.2729 1.729 -2.5832 8.86 86.98 -148.2 0.45302 0 0 1 -60 60 -60 60 0 0 1 0 0 0 344.7 463.8 144.3 0 8.5377e-07 0 0 0 1 0 1 0
66 1 1 0 0.40691 -3.5811 8.86 94.48 115.47 0.49243 0 0 1 -60 60 -60 60 0 0 1 0 0 0 341.5 443 144.5 0 0 0 0 0 1 0 1 0
60 1 1 0 0 -3.5815 9.73 98.23 126.55 0.42019 0 0 1 -60 60 -60 60 0 0 1 0 0 0 334.8 401.6 145.1 0 0 0 0 0 1 0 1 0
55 1 1 -0.14359 0.21755 -3.2661 10.33 83.23 -51.694 0.42816 0 0 1 -60 60 -60 60 0 0 1 0 0 0 328.9 367.1 145.5 0 0 0 0 0 1 0 1 0
52 1 1 -1.2327 -5.0285 -2.3921 11.87 90.73 -160.62 0.38443 0 0 1 -60 60 -60 60 0 0 1 0 0 0 324.7 346.5 145.8 0 0+1.2074e-06i 0 0 0 1 0 1 0
48 1 1 -1.2205 -5.2487 -1.8788 11.866 90.733 -154.36 0.43879 0 0 1 -60 60 -60 60 0 0 1 0 0 0 319 319.1 146.1 0 8.5377e-07 0 0 0 1 0 1 0
41 1 1 -0.30926 -5.7402 0.753 14.18 98.23 31.457 0.46185 0 0 1 -60 60 -60 60 0 0 1 0 0 0 307.4 271.5 146.8 0 0+1.2074e-06i 0 0 0 1 0 1 0
37 1 1 0.24363 -0.12673 -0.91462 14.069 84.595 -44.994 0.40376 0 0 1 -60 60 -60 60 0 0 1 0 0 0 391.8 581.6 146.5 0 0 0 0 0 1 0 1 0
32 1 1 1.5872 1.8477 -2.578 11.011 84.581 -134.25 0.41113 0 0 1 -60 60 -60 60 0 0 1 0 0 0 383.6 547.6 145.5 0 0 0 0 0 1 0 1 0
28 1 1 -0.71811 -6.2907 -1.3133 10.39 95.82 133.48 0.36637 0 0 1 -60 60 -60 60 0 0 1 0 0 0 378.6 520 144.6 0 0+1.2074e-06i 0 0 0 1 0 1 0
21 1 1 1.8678 1.1127 -0.38007 11.27 92.07 21.977 0.4331 0 0 1 -60 60 -60 60 0 0 1 0 0 0 368.9 472 143.2 0 0+1.2074e-06i 0 0 0 1 0 1 0
18 1 1 0.70832 -4.9879 -0.63698 10.32 92.07 30.363 0.45092 0 0 1 -60 60 -60 60 0 0 1 0 0 0 365 451.4 142.6 0 0 0 0 0 1 0 1 0
15 1 1 1.3551 -5.3793 -0.92776 10.26 84.57 -143.44 0.44439 0 0 1 -60 60 -60 60 0 0 1 0 0 0 361.3 430.7 142 0 8.5377e-07 0 0 0 1 0 1 0
11 1 1 1.0349 -4.8301 -0.40712 9.18 80.82 -144.13 0.46427 0 0 1 -60 60 -60 60 0 0 1 0 0 0 356.7 403.1 141.2 0 1.2074e-06 0 0 0 1 0 1 0
2 1 1 0.30357 1.4047 -0.13676 8.9212 92.055 26.656 0.42244 0 0 1 -60 60 -60 60 0 0 1 0 0 0 346.8 341 139.3 0 0 0 0 0 1 0 1 0
